Date,"Lifetime Total Likes","Daily New Likes","Daily Unlikes","Daily Page Engaged Users","Weekly Page Engaged Users","28 Days Page Engaged Users","Daily Total Reach","Weekly Total Reach","28 Days Total Reach","Daily Organic Reach","Weekly Organic Reach","28 Days Organic Reach","Daily Paid Reach","Weekly Paid Reach","28 Days Paid Reach","Daily Viral Reach","Weekly Viral Reach","28 Days Viral Reach","Daily Total Impressions","Weekly Total Impressions","28 Days Total Impressions","Daily Organic impressions","Weekly Organic impressions","28 Days Organic impressions","Daily Paid Impressions","Weekly Paid Impressions","28 Days Paid Impressions","Daily Viral impressions","Weekly Viral impressions","28 Days Viral impressions","Daily Logged-in Page Views","Weekly Logged-in Page Views","Daily Logged-in Page Views","Weekly Logged-in Page Views","Daily Reach Of Page Posts","Weekly Reach Of Page Posts","28 Days Reach Of Page Posts","Daily Organic Reach of Page posts","Weekly Organic Reach of Page posts","28 Days Organic Reach of Page posts","Daily Paid Reach of Page posts","Weekly Paid Reach of Page posts","28 Days Paid Reach of Page posts","Daily Viral Reach Of Page Posts","Weekly Viral Reach Of Page Posts","28 Days Viral Reach Of Page Posts","Daily Total Impressions of your posts","Weekly Total Impressions of your posts","28 Days Total Impressions of your posts","Daily Organic impressions of your posts","Weekly Organic impressions of your posts","28 Days Organic impressions of your posts","Daily Paid impressions of your posts","Weekly Paid impressions of your posts","28 Days Paid impressions of your posts","Daily Viral Impressions Of Your Posts","Weekly Viral Impressions Of Your Posts","28 Days Viral Impressions Of Your Posts","Daily Total Consumers","Weekly Total Consumers","28 Days Total Consumers","Daily Page Consumptions","Weekly Page Consumptions","28 Days Page Consumptions","Daily Negative Feedback","Weekly Negative Feedback","28 Days Negative Feedback","Daily Negative Feedback From Users","Weekly Negative Feedback From Users","28 Days Negative Feedback From Users","Daily Total Check-Ins","Weekly Total Check-Ins","28 Days Total Check-Ins","Daily Total Check-Ins","Weekly Total Check-Ins","28 Days Total Check-Ins","Daily Total Check-Ins Using Mobile Devices","Weekly Total Check-Ins Using Mobile Devices","28 Days Total Check-Ins Using Mobile Devices","Daily Total Check-Ins Using Mobile Devices","Weekly Total Check-Ins Using Mobile Devices","28 Days Total Check-Ins Using Mobile Devices","Daily Total Organic Views","Weekly Total Organic Views","28 Days Total Organic Views","Daily Total Promoted Views","Weekly Total Promoted Views","28 Days Total Promoted Views","Daily Total Organic 30-Second Views","Weekly Total Organic 30-Second Views","28 Days Total Organic 30-Second Views","Daily Paid 30-Second Views","Weekly Paid 30-Second Views","28 Days Paid 30-Second Views","Daily Total Video Views","Weekly Total Video Views","28 Days Total Video Views","Daily Total Auto-Played Views","Weekly Total Auto-Played Views","28 Days Total Auto-Played Views","Daily Total Clicked Views","Weekly Total Clicked Views","28 Days Total Clicked Views","Daily Video Repeats","Weekly Video Repeats","28 Days Video Repeats","Daily Total Unique Video Views","Weekly Total Unique Video Views","28 Days Total Unique Video Views","Daily Total 30-Second Views","Weekly Total 30-Second Views","28 Days Total 30-Second Views","Daily Auto-Played 30-Second Views","Weekly Auto-Played 30-Second Views","28 Days Auto-Played 30-Second Views","Daily Total Clicked 30-Second Views","Weekly Total Clicked 30-Second Views","28 Days Total Clicked 30-Second Views","Daily Total 30-Second Repeats","Weekly Total 30-Second Repeats","28 Days Total 30-Second Repeats","Daily Total Unique 30-Second Views","Weekly Total Unique 30-Second Views","28 Days Total Unique 30-Second Views","Daily Total: total action count per Page","Weekly Total: total action count per Page","Daily Total get direction click count per Page","Weekly Total get direction click count per Page","Daily Total get direction click count per Page","Weekly Total get direction click count per Page","Daily Total phone calls click count per Page","Weekly Total phone calls click count per Page","Daily Total phone calls click count per Page","Weekly Total phone calls click count per Page","Daily Total website click count per Page","Weekly Total website click count per Page","Daily Total website click count per Page","Weekly Total website click count per Page","Daily Talking About This By Story Type - checkin","Daily Talking About This By Story Type - coupon","Daily Talking About This By Story Type - event","Daily Talking About This By Story Type - fan","Daily Talking About This By Story Type - mention","Daily Talking About This By Story Type - other","Daily Talking About This By Story Type - page post","Daily Talking About This By Story Type - question","Daily Talking About This By Story Type - user post","Weekly Talking About This By Story Type - checkin","Weekly Talking About This By Story Type - coupon","Weekly Talking About This By Story Type - event","Weekly Talking About This By Story Type - fan","Weekly Talking About This By Story Type - mention","Weekly Talking About This By Story Type - other","Weekly Talking About This By Story Type - page post","Weekly Talking About This By Story Type - question","Weekly Talking About This By Story Type - user post","28 Days Talking About This By Story Type - checkin","28 Days Talking About This By Story Type - coupon","28 Days Talking About This By Story Type - event","28 Days Talking About This By Story Type - fan","28 Days Talking About This By Story Type - mention","28 Days Talking About This By Story Type - other","28 Days Talking About This By Story Type - page post","28 Days Talking About This By Story Type - question","28 Days Talking About This By Story Type - user post","Daily Page Stories By Story Type - checkin","Daily Page Stories By Story Type - coupon","Daily Page Stories By Story Type - event","Daily Page Stories By Story Type - fan","Daily Page Stories By Story Type - mention","Daily Page Stories By Story Type - other","Daily Page Stories By Story Type - page post","Daily Page Stories By Story Type - question","Daily Page Stories By Story Type - user post","Weekly Page Stories By Story Type - checkin","Weekly Page Stories By Story Type - coupon","Weekly Page Stories By Story Type - event","Weekly Page Stories By Story Type - fan","Weekly Page Stories By Story Type - mention","Weekly Page Stories By Story Type - other","Weekly Page Stories By Story Type - page post","Weekly Page Stories By Story Type - question","Weekly Page Stories By Story Type - user post","28 Days Page Stories By Story Type - checkin","28 Days Page Stories By Story Type - coupon","28 Days Page Stories By Story Type - event","28 Days Page Stories By Story Type - fan","28 Days Page Stories By Story Type - mention","28 Days Page Stories By Story Type - other","28 Days Page Stories By Story Type - page post","28 Days Page Stories By Story Type - question","28 Days Page Stories By Story Type - user post","Daily Page Consumptions By Type - button clicks","Daily Page Consumptions By Type - link clicks","Daily Page Consumptions By Type - other clicks","Daily Page Consumptions By Type - photo view","Daily Page Consumptions By Type - video play","Weekly Page Consumptions By Type - button clicks","Weekly Page Consumptions By Type - link clicks","Weekly Page Consumptions By Type - other clicks","Weekly Page Consumptions By Type - photo view","Weekly Page Consumptions By Type - video play","28 Days Page Consumptions By Type - button clicks","28 Days Page Consumptions By Type - link clicks","28 Days Page Consumptions By Type - other clicks","28 Days Page Consumptions By Type - photo view","28 Days Page Consumptions By Type - video play","Daily Negative feedback by type - hide_all_clicks","Daily Negative feedback by type - hide_clicks","Daily Negative feedback by type - report_spam_clicks","Daily Negative feedback by type - unlike_page_clicks","Daily Negative feedback by type - xbutton_clicks","Weekly Negative feedback by type - hide_all_clicks","Weekly Negative feedback by type - hide_clicks","Weekly Negative feedback by type - report_spam_clicks","Weekly Negative feedback by type - unlike_page_clicks","Weekly Negative feedback by type - xbutton_clicks","28 Days Negative feedback by type - hide_all_clicks","28 Days Negative feedback by type - hide_clicks","28 Days Negative feedback by type - report_spam_clicks","28 Days Negative feedback by type - unlike_page_clicks","28 Days Negative feedback by type - xbutton_clicks","Daily Negative Feedback From Users - hide_all_clicks","Daily Negative Feedback From Users - hide_clicks","Daily Negative Feedback From Users - report_spam_clicks","Daily Negative Feedback From Users - unlike_page_clicks","Daily Negative Feedback From Users - xbutton_clicks","Weekly Negative Feedback From Users - hide_all_clicks","Weekly Negative Feedback From Users - hide_clicks","Weekly Negative Feedback From Users - report_spam_clicks","Weekly Negative Feedback From Users - unlike_page_clicks","Weekly Negative Feedback From Users - xbutton_clicks","28 Days Negative Feedback From Users - hide_all_clicks","28 Days Negative Feedback From Users - hide_clicks","28 Days Negative Feedback From Users - report_spam_clicks","28 Days Negative Feedback From Users - unlike_page_clicks","28 Days Negative Feedback From Users - xbutton_clicks","Daily Positive Feedback From Users - answer","Daily Positive Feedback From Users - claim","Daily Positive Feedback From Users - comment","Daily Positive Feedback From Users - like","Daily Positive Feedback From Users - link","Daily Positive Feedback From Users - other","Weekly Positive Feedback From Users - answer","Weekly Positive Feedback From Users - claim","Weekly Positive Feedback From Users - comment","Weekly Positive Feedback From Users - like","Weekly Positive Feedback From Users - link","Weekly Positive Feedback From Users - other","28 Days Positive Feedback From Users - answer","28 Days Positive Feedback From Users - claim","28 Days Positive Feedback From Users - comment","28 Days Positive Feedback From Users - like","28 Days Positive Feedback From Users - link","28 Days Positive Feedback From Users - other","Daily Positive Feedback From Users - answer","Daily Positive Feedback From Users - claim","Daily Positive Feedback From Users - comment","Daily Positive Feedback From Users - like","Daily Positive Feedback From Users - link","Daily Positive Feedback From Users - other","Weekly Positive Feedback From Users - answer","Weekly Positive Feedback From Users - claim","Weekly Positive Feedback From Users - comment","Weekly Positive Feedback From Users - like","Weekly Positive Feedback From Users - link","Weekly Positive Feedback From Users - other","28 Days Positive Feedback From Users - answer","28 Days Positive Feedback From Users - claim","28 Days Positive Feedback From Users - comment","28 Days Positive Feedback From Users - like","28 Days Positive Feedback From Users - link","28 Days Positive Feedback From Users - other","Daily Total get direction click count per Page by site - API","Daily Total get direction click count per Page by site - COMET","Daily Total get direction click count per Page by site - MOBILE","Daily Total get direction click count per Page by site - OTHER","Daily Total get direction click count per Page by site - WWW","Weekly Total get direction click count per Page by site - API","Weekly Total get direction click count per Page by site - COMET","Weekly Total get direction click count per Page by site - MOBILE","Weekly Total get direction click count per Page by site - OTHER","Weekly Total get direction click count per Page by site - WWW","Daily Total phone calls click count per Page by site - API","Daily Total phone calls click count per Page by site - COMET","Daily Total phone calls click count per Page by site - MOBILE","Daily Total phone calls click count per Page by site - OTHER","Daily Total phone calls click count per Page by site - WWW","Weekly Total phone calls click count per Page by site - API","Weekly Total phone calls click count per Page by site - COMET","Weekly Total phone calls click count per Page by site - MOBILE","Weekly Total phone calls click count per Page by site - OTHER","Weekly Total phone calls click count per Page by site - WWW","Daily Total website click count per Page by site - API","Daily Total website click count per Page by site - COMET","Daily Total website click count per Page by site - MOBILE","Daily Total website click count per Page by site - OTHER","Daily Total website click count per Page by site - WWW","Weekly Total website click count per Page by site - API","Weekly Total website click count per Page by site - COMET","Weekly Total website click count per Page by site - MOBILE","Weekly Total website click count per Page by site - OTHER","Weekly Total website click count per Page by site - WWW","Daily Total get direction click count per Page by age and gender - 13-17.F","Daily Total get direction click count per Page by age and gender - 13-17.M","Daily Total get direction click count per Page by age and gender - 13-17.U","Daily Total get direction click count per Page by age and gender - 18-24.F","Daily Total get direction click count per Page by age and gender - 18-24.M","Daily Total get direction click count per Page by age and gender - 18-24.U","Daily Total get direction click count per Page by age and gender - 25-34.F","Daily Total get direction click count per Page by age and gender - 25-34.M","Daily Total get direction click count per Page by age and gender - 25-34.U","Daily Total get direction click count per Page by age and gender - 35-44.F","Daily Total get direction click count per Page by age and gender - 35-44.M","Daily Total get direction click count per Page by age and gender - 35-44.U","Daily Total get direction click count per Page by age and gender - 45-54.F","Daily Total get direction click count per Page by age and gender - 45-54.M","Daily Total get direction click count per Page by age and gender - 45-54.U","Daily Total get direction click count per Page by age and gender - 55-64.F","Daily Total get direction click count per Page by age and gender - 55-64.M","Daily Total get direction click count per Page by age and gender - 55-64.U","Daily Total get direction click count per Page by age and gender - 65+.F","Daily Total get direction click count per Page by age and gender - 65+.M","Daily Total get direction click count per Page by age and gender - 65+.U","Daily Total get direction click count per Page by age and gender - &lt;13.F","Daily Total get direction click count per Page by age and gender - &lt;13.M","Daily Total get direction click count per Page by age and gender - &lt;13.U","Daily Total get direction click count per Page by age and gender - UNKNOWN.F","Daily Total get direction click count per Page by age and gender - UNKNOWN.M","Daily Total get direction click count per Page by age and gender - UNKNOWN.U","Weekly Total get direction click count per Page by age and gender - 13-17.F","Weekly Total get direction click count per Page by age and gender - 13-17.M","Weekly Total get direction click count per Page by age and gender - 13-17.U","Weekly Total get direction click count per Page by age and gender - 18-24.F","Weekly Total get direction click count per Page by age and gender - 18-24.M","Weekly Total get direction click count per Page by age and gender - 18-24.U","Weekly Total get direction click count per Page by age and gender - 25-34.F","Weekly Total get direction click count per Page by age and gender - 25-34.M","Weekly Total get direction click count per Page by age and gender - 25-34.U","Weekly Total get direction click count per Page by age and gender - 35-44.F","Weekly Total get direction click count per Page by age and gender - 35-44.M","Weekly Total get direction click count per Page by age and gender - 35-44.U","Weekly Total get direction click count per Page by age and gender - 45-54.F","Weekly Total get direction click count per Page by age and gender - 45-54.M","Weekly Total get direction click count per Page by age and gender - 45-54.U","Weekly Total get direction click count per Page by age and gender - 55-64.F","Weekly Total get direction click count per Page by age and gender - 55-64.M","Weekly Total get direction click count per Page by age and gender - 55-64.U","Weekly Total get direction click count per Page by age and gender - 65+.F","Weekly Total get direction click count per Page by age and gender - 65+.M","Weekly Total get direction click count per Page by age and gender - 65+.U","Weekly Total get direction click count per Page by age and gender - &lt;13.F","Weekly Total get direction click count per Page by age and gender - &lt;13.M","Weekly Total get direction click count per Page by age and gender - &lt;13.U","Weekly Total get direction click count per Page by age and gender - UNKNOWN.F","Weekly Total get direction click count per Page by age and gender - UNKNOWN.M","Weekly Total get direction click count per Page by age and gender - UNKNOWN.U","Daily Total phone calls click count per Page by age and gender - 13-17.F","Daily Total phone calls click count per Page by age and gender - 13-17.M","Daily Total phone calls click count per Page by age and gender - 13-17.U","Daily Total phone calls click count per Page by age and gender - 18-24.F","Daily Total phone calls click count per Page by age and gender - 18-24.M","Daily Total phone calls click count per Page by age and gender - 18-24.U","Daily Total phone calls click count per Page by age and gender - 25-34.F","Daily Total phone calls click count per Page by age and gender - 25-34.M","Daily Total phone calls click count per Page by age and gender - 25-34.U","Daily Total phone calls click count per Page by age and gender - 35-44.F","Daily Total phone calls click count per Page by age and gender - 35-44.M","Daily Total phone calls click count per Page by age and gender - 35-44.U","Daily Total phone calls click count per Page by age and gender - 45-54.F","Daily Total phone calls click count per Page by age and gender - 45-54.M","Daily Total phone calls click count per Page by age and gender - 45-54.U","Daily Total phone calls click count per Page by age and gender - 55-64.F","Daily Total phone calls click count per Page by age and gender - 55-64.M","Daily Total phone calls click count per Page by age and gender - 55-64.U","Daily Total phone calls click count per Page by age and gender - 65+.F","Daily Total phone calls click count per Page by age and gender - 65+.M","Daily Total phone calls click count per Page by age and gender - 65+.U","Daily Total phone calls click count per Page by age and gender - &lt;13.F","Daily Total phone calls click count per Page by age and gender - &lt;13.M","Daily Total phone calls click count per Page by age and gender - &lt;13.U","Daily Total phone calls click count per Page by age and gender - UNKNOWN.F","Daily Total phone calls click count per Page by age and gender - UNKNOWN.M","Daily Total phone calls click count per Page by age and gender - UNKNOWN.U","Weekly Total phone calls click count per Page by age and gender - 13-17.F","Weekly Total phone calls click count per Page by age and gender - 13-17.M","Weekly Total phone calls click count per Page by age and gender - 13-17.U","Weekly Total phone calls click count per Page by age and gender - 18-24.F","Weekly Total phone calls click count per Page by age and gender - 18-24.M","Weekly Total phone calls click count per Page by age and gender - 18-24.U","Weekly Total phone calls click count per Page by age and gender - 25-34.F","Weekly Total phone calls click count per Page by age and gender - 25-34.M","Weekly Total phone calls click count per Page by age and gender - 25-34.U","Weekly Total phone calls click count per Page by age and gender - 35-44.F","Weekly Total phone calls click count per Page by age and gender - 35-44.M","Weekly Total phone calls click count per Page by age and gender - 35-44.U","Weekly Total phone calls click count per Page by age and gender - 45-54.F","Weekly Total phone calls click count per Page by age and gender - 45-54.M","Weekly Total phone calls click count per Page by age and gender - 45-54.U","Weekly Total phone calls click count per Page by age and gender - 55-64.F","Weekly Total phone calls click count per Page by age and gender - 55-64.M","Weekly Total phone calls click count per Page by age and gender - 55-64.U","Weekly Total phone calls click count per Page by age and gender - 65+.F","Weekly Total phone calls click count per Page by age and gender - 65+.M","Weekly Total phone calls click count per Page by age and gender - 65+.U","Weekly Total phone calls click count per Page by age and gender - &lt;13.F","Weekly Total phone calls click count per Page by age and gender - &lt;13.M","Weekly Total phone calls click count per Page by age and gender - &lt;13.U","Weekly Total phone calls click count per Page by age and gender - UNKNOWN.F","Weekly Total phone calls click count per Page by age and gender - UNKNOWN.M","Weekly Total phone calls click count per Page by age and gender - UNKNOWN.U","Daily Total web site click count per Page by age and gender - 13-17.F","Daily Total web site click count per Page by age and gender - 13-17.M","Daily Total web site click count per Page by age and gender - 13-17.U","Daily Total web site click count per Page by age and gender - 18-24.F","Daily Total web site click count per Page by age and gender - 18-24.M","Daily Total web site click count per Page by age and gender - 18-24.U","Daily Total web site click count per Page by age and gender - 25-34.F","Daily Total web site click count per Page by age and gender - 25-34.M","Daily Total web site click count per Page by age and gender - 25-34.U","Daily Total web site click count per Page by age and gender - 35-44.F","Daily Total web site click count per Page by age and gender - 35-44.M","Daily Total web site click count per Page by age and gender - 35-44.U","Daily Total web site click count per Page by age and gender - 45-54.F","Daily Total web site click count per Page by age and gender - 45-54.M","Daily Total web site click count per Page by age and gender - 45-54.U","Daily Total web site click count per Page by age and gender - 55-64.F","Daily Total web site click count per Page by age and gender - 55-64.M","Daily Total web site click count per Page by age and gender - 55-64.U","Daily Total web site click count per Page by age and gender - 65+.F","Daily Total web site click count per Page by age and gender - 65+.M","Daily Total web site click count per Page by age and gender - 65+.U","Daily Total web site click count per Page by age and gender - &lt;13.F","Daily Total web site click count per Page by age and gender - &lt;13.M","Daily Total web site click count per Page by age and gender - &lt;13.U","Daily Total web site click count per Page by age and gender - UNKNOWN.F","Daily Total web site click count per Page by age and gender - UNKNOWN.M","Daily Total web site click count per Page by age and gender - UNKNOWN.U","Weekly Total web site click count per Page by age and gender - 13-17.F","Weekly Total web site click count per Page by age and gender - 13-17.M","Weekly Total web site click count per Page by age and gender - 13-17.U","Weekly Total web site click count per Page by age and gender - 18-24.F","Weekly Total web site click count per Page by age and gender - 18-24.M","Weekly Total web site click count per Page by age and gender - 18-24.U","Weekly Total web site click count per Page by age and gender - 25-34.F","Weekly Total web site click count per Page by age and gender - 25-34.M","Weekly Total web site click count per Page by age and gender - 25-34.U","Weekly Total web site click count per Page by age and gender - 35-44.F","Weekly Total web site click count per Page by age and gender - 35-44.M","Weekly Total web site click count per Page by age and gender - 35-44.U","Weekly Total web site click count per Page by age and gender - 45-54.F","Weekly Total web site click count per Page by age and gender - 45-54.M","Weekly Total web site click count per Page by age and gender - 45-54.U","Weekly Total web site click count per Page by age and gender - 55-64.F","Weekly Total web site click count per Page by age and gender - 55-64.M","Weekly Total web site click count per Page by age and gender - 55-64.U","Weekly Total web site click count per Page by age and gender - 65+.F","Weekly Total web site click count per Page by age and gender - 65+.M","Weekly Total web site click count per Page by age and gender - 65+.U","Weekly Total web site click count per Page by age and gender - &lt;13.F","Weekly Total web site click count per Page by age and gender - &lt;13.M","Weekly Total web site click count per Page by age and gender - &lt;13.U","Weekly Total web site click count per Page by age and gender - UNKNOWN.F","Weekly Total web site click count per Page by age and gender - UNKNOWN.M","Weekly Total web site click count per Page by age and gender - UNKNOWN.U"
,"Lifetime: The total number of people who have liked your Page. (Unique Users)","Daily: The number of new people who have liked your Page (Unique Users)","Daily: The number of Unlikes of your Page (Unique Users)","Daily: The number of people who engaged with your Page. Engagement includes any click or story created. (Unique Users)","Weekly: The number of people who engaged with your Page. Engagement includes any click or story created. (Unique Users)","28 Days: The number of people who engaged with your Page. Engagement includes any click or story created. (Unique Users)","Daily: The number of people who had any content from your Page or about your Page enter their screen. This includes posts, check-ins, ads, social information from people who interact with your Page and more. (Unique Users)","Weekly: The number of people who had any content from your Page or about your Page enter their screen. This includes posts, check-ins, ads, social information from people who interact with your Page and more. (Unique Users)","28 Days: The number of people who had any content from your Page or about your Page enter their screen. This includes posts, check-ins, ads, social information from people who interact with your Page and more. (Unique Users)","Daily: The number of people who had any content from your Page or about your Page enter their screen through unpaid distribution. This includes posts, stories, check-ins, social information from people who interact with your Page and more. (Unique Users)","Weekly: The number of people who had any content from your Page or about your Page enter their screen through unpaid distribution. This includes posts, stories, check-ins, social information from people who interact with your Page and more. (Unique Users)","28 Days: The number of people who had any content from your Page or about your Page enter their screen through unpaid distribution. This includes posts, stories, check-ins, social information from people who interact with your Page and more. (Unique Users)","Daily: The number of people who had any content from your Page or about your Page enter their screen through paid distribution such as an ad. (Unique Users)","Weekly: The number of people who had any content from your Page or about your Page enter their screen through paid distribution such as an ad. (Unique Users)","28 Days: The number of people who had any content from your Page or about your Page enter their screen through paid distribution such as an ad. (Unique Users)","Daily:  The number of people who had any content from your Page or about your Page enter their screen through with social information attached. As a form of organic distribution, social information displays when a person's friend interacted with your Page, post or story. This includes when someone's friend likes or follows your Page, engages with a post, shares a photo of your Page and checks into your Page. (Unique Users)","Weekly:  The number of people who had any content from your Page or about your Page enter their screen through with social information attached. As a form of organic distribution, social information displays when a person's friend interacted with your Page, post or story. This includes when someone's friend likes or follows your Page, engages with a post, shares a photo of your Page and checks into your Page. (Unique Users)","28 Days:  The number of people who had any content from your Page or about your Page enter their screen through with social information attached. As a form of organic distribution, social information displays when a person's friend interacted with your Page or post. This includes when someone's friend likes or follows your Page, engages with a post, shares a photo of your Page and checks into your Page. (Unique Users)","Daily: The number of times any content from your Page or about your Page entered a person's screen. This includes posts, stories, check-ins, ads, social information from people who interact with your Page and more. (Total Count)","Weekly: The number of times any content from your Page or about your Page entered a person's screen. This includes posts, stories, check-ins, ads, social information from people who interact with your Page and more. (Total Count)","28 Days: The number of times any content from your Page or about your Page entered a person's screen. This includes posts, stories, check-ins, ads, social information from people who interact with your Page and more. (Total Count)","Daily: The number of times any content from your Page or about your Page entered a person's screen through unpaid distribution. This includes posts, stories, check-ins, social information from people who interact with your Page and more. (Total Count)","Weekly: The number of times any content from your Page or about your Page entered a person's screen through unpaid distribution. This includes posts, stories, check-ins, social information from people who interact with your Page and more. (Total Count)","28 Days: The number of times any content from your Page or about your Page entered a person's screen through unpaid distribution. This includes posts, stories, check-ins, social information from people who interact with your Page and more. (Total Count)","Daily: The number of times any content from your Page or about your Page entered a person's screen through paid distribution such as an ad. (Total Count)","Weekly: The number of times any content from your Page or about your Page entered a person's screen through paid distribution such as an ad. (Total Count)","28 Days: The number of times any content from your Page or about your Page entered a person's screen through paid distribution such as an ad. (Total Count)","Daily: The number of times any content from your Page or about your Page entered a person's screen with social information attached. Social information displays when a person's friend interacted with your Page, post or story. This includes when someone's friend likes or follows your Page, engages with a post, shares a photo of your Page and checks into your Page. (Total Count)","Weekly: The number of times any content from your Page or about your Page entered a person's screen with social information attached. Social information displays when a person's friend interacted with your Page, post or story. This includes when someone's friend likes or follows your Page, engages with a post, shares a photo of your Page and checks into your Page. (Total Count)","28 Days: The number of times any content from your Page or about your Page entered a person's screen with social information attached. Social information displays when a person's friend interacted with your Page, post or story. This includes when someone's friend likes or follows your Page, engages with a post, shares a photo of your Page and checks into your Page. (Total Count)","Daily: Page Views from users logged into Facebook (Total Count)","Weekly: Page Views from users logged into Facebook (Total Count)","Daily: Page Views from users logged into Facebook (Unique Users)","Weekly: Page Views from users logged into Facebook (Unique Users)","Daily: The number of people who had any of your Page's posts enter their screen. Posts include statuses, photos, links, videos and more. (Unique Users)","Weekly: The number of people who had any of your Page's posts enter their screen. Posts include statuses, photos, links, videos and more. (Unique Users)","28 Days: The number of people who had any of your Page's posts enter their screen. Posts include statuses, photos, links, videos and more. (Unique Users)","Daily: The number of people who had any of your Page's posts enter their screen through unpaid distribution. (Unique Users)","Weekly: The number of people who had any of your Page's posts enter their screen through unpaid distribution. (Unique Users)","28 Days: The number of people who had any of your Page's posts enter their screen through unpaid distribution. (Unique Users)","Daily: The number of people who had any of your Page's posts enter their screen through paid distribution such as an ad. (Unique Users)","Weekly: The number of people who had any of your Page's posts enter their screen through paid distribution such as an ad. (Unique Users)","28 Days: The number of people who had any of your Page's posts enter their screen through paid distribution such as an ad. (Unique Users)","Daily: The number of people who had any of your Page's posts enter their screen with social information attached. As a form of organic distribution, social information displays when a person's friend interacted with you Page or post. This includes when someone's friend likes or follows your Page, engages with a post, shares a photo of your Page and checks into your Page. (Unique Users)","Weekly: The number of people who had any of your Page's posts enter their screen with social information attached. As a form of organic distribution, social information displays when a person's friend interacted with you Page or post. This includes when someone's friend likes or follows your Page, engages with a post, shares a photo of your Page and checks into your Page. (Unique Users)","28 Days: The number of people who had any of your Page's posts enter their screen with social information attached. As a form of organic distribution, social information displays when a person's friend interacted with you Page or post. This includes when someone's friend likes or follows your Page, engages with a post, shares a photo of your Page and checks into your Page. (Unique Users)","Daily: The number of times your Page's posts entered a person's screen. Posts include statuses, photos, links, videos and more. (Total Count)","Weekly: The number of times your Page's posts entered a person's screen. Posts include statuses, photos, links, videos and more. (Total Count)","28 Days: The number of times your Page's posts entered a person's screen. Posts include statuses, photos, links, videos and more. (Total Count)","Daily: The number of times your Page's posts entered a person's screen through unpaid distribution. (Total Count)","Weekly: The number of times your Page's posts entered a person's screen through unpaid distribution. (Total Count)","28 Days: The number of times your Page's posts entered a person's screen through unpaid distribution. (Total Count)","Daily: The number of times your Page's posts entered a person's screen through paid distribution such as an ad. (Total Count)","Weekly: The number of times your Page's posts entered a person's screen through paid distribution such as an ad. (Total Count)","28 Days: The number of times your Page's posts entered a person's screen through paid distribution such as an ad. (Total Count)","Daily: The number of times your Page's posts entered a person's screen with social information attached. Social information displays when a person's friend interacted with you Page or post. This includes when someone's friend likes or follows your Page, engages with a post, shares a photo of your Page and checks into your Page. (Total Count)","Weekly: The number of times your Page's posts entered a person's screen with social information attached. Social information displays when a person's friend interacted with you Page or post. This includes when someone's friend likes or follows your Page, engages with a post, shares a photo of your Page and checks into your Page. (Total Count)","28 Days: The number of times your Page's posts entered a person's screen with social information attached. Social information displays when a person's friend interacted with you Page or post. This includes when someone's friend likes or follows your Page, engages with a post, shares a photo of your Page and checks into your Page. (Total Count)","Daily: The number of people who clicked on any of your content. Stories that are created without clicking on Page content (ex, liking the Page from timeline) are not included. (Unique Users)","Weekly: The number of people who clicked on any of your content. Stories that are created without clicking on Page content (ex, liking the Page from timeline) are not included. (Unique Users)","28 Days: The number of people who clicked on any of your content. Stories that are created without clicking on Page content (ex, liking the Page from timeline) are not included. (Unique Users)","Daily: The number of clicks on any of your content. Stories generated without clicks on page content (e.g., liking the page in Timeline) are not included. (Total Count)","Weekly: The number of clicks on any of your content. Stories generated without clicks on page content (e.g., liking the page in Timeline) are not included. (Total Count)","28 Days: The number of clicks on any of your content. Stories generated without clicks on page content (e.g., liking the page in Timeline) are not included. (Total Count)","Daily: The number of people who have given negative feedback to your Page. (Unique Users)","Weekly: The number of people who have given negative feedback to your Page. (Unique Users)","28 Days: The number of people who have given negative feedback to your Page. (Unique Users)","Daily: The number of times people have given negative feedback to your Page. (Total Count)","Weekly: The number of times people have given negative feedback to your Page. (Total Count)","28 Days: The number of times people have given negative feedback to your Page. (Total Count)","Daily: Total check-ins at your Place (Total Count)","Weekly: Total check-ins at your Place (Total Count)","28 Days: Total check-ins at your Place (Total Count)","Daily: Total check-ins at your Place (Unique Users)","Weekly: Total check-ins at your Place (Unique Users)","28 Days: Total check-ins at your Place (Unique Users)","Daily: Total check-ins at your Place using mobile devices (Total Count)","Weekly: Total check-ins at your Place using mobile devices (Total Count)","28 Days: Total check-ins at your Place using mobile devices (Total Count)","Daily: Total check-ins at your Place using mobile devices (Unique Users)","Weekly: Total check-ins at your Place using mobile devices (Unique Users)","28 Days: Total check-ins at your Place using mobile devices (Unique Users)","Daily: Number of times a video has been viewed due to organic reach (Total Count)","Weekly: Number of times a video has been viewed due to organic reach (Total Count)","28 Days: Number of times a video has been viewed due to organic reach (Total Count)","Daily: Number of times a promoted video has been viewed for more than 3 seconds (Total Count)","Weekly: Number of times a promoted video has been viewed for more than 3 seconds (Total Count)","28 Days: Number of times a promoted video has been viewed for more than 3 seconds (Total Count)","Daily: Number of times the video has been viewed for at least 30s by organic reach (Total Count)","Weekly: Number of times the video has been viewed for at least 30s by organic reach (Total Count)","28 Days: Number of times the video has been viewed for at least 30s by organic reach (Total Count)","Daily: Number of times page's videos was viewed for 30 seconds or viewed to the end, whichever came first, after a paid promotion. (Total Count)","Weekly: Number of times page's videos was viewed for 30 seconds or viewed to the end, whichever came first, after a paid promotion. (Total Count)","28 Days: Number of times page's videos was viewed for 30 seconds or viewed to the end, whichever came first, after a paid promotion. (Total Count)","Daily: Total number of times videos have been viewed for more than 3 seconds. (Total Count)","Weekly: Total number of times videos have been viewed for more than 3 seconds. (Total Count)","28 Days: Total number of times videos have been viewed for more than 3 seconds. (Total Count)","Daily: Number of times an auto-played video has been viewed for more than 3 seconds (Total Count)","Weekly: Number of times an auto-played video has been viewed for more than 3 seconds (Total Count)","28 Days: Number of times an auto-played video has been viewed for more than 3 seconds (Total Count)","Daily: Number of times a video has been viewed after the user clicked play (Total Count)","Weekly: Number of times a video has been viewed after the user clicked play (Total Count)","28 Days: Number of times a video has been viewed after the user clicked play (Total Count)","Daily: Number of times the video has been seen outside the first play (Total Count)","Weekly: Number of times the video has been seen outside the first play (Total Count)","28 Days: Number of times the video has been seen outside the first play (Total Count)","Daily: Metric showing videos played for unique people for more than 3 seconds aggregated at the page level (Unique Users)","Weekly: Metric showing video played for unique people for more than 3 seconds aggregated at the page level (Unique Users)","28 Days: Metric showing video played for unique people for more than 3 seconds aggregated at the page level (Unique Users)","Daily: Total number of times page's videos was viewed for at least 30 seconds. (Total Count)","Weekly: Total number of times page's videos was viewed for at least 30 seconds. (Total Count)","28 Days: Total number of times page's videos was viewed for at least 30 seconds. (Total Count)","Daily: Number of times your page's videos started automatically playing and people viewed it for 30 seconds or to the end, whichever came first. (Total Count)","Weekly: Number of times your page's videos started automatically playing and people viewed it for 30 seconds or to the end, whichever came first. (Total Count)","28 Days: Number of times your page's videos started automatically playing and people viewed it for 30 seconds or to the end, whichever came first. (Total Count)","Daily: Number of times a video has been viewed for at least 30s after the user clicked play (Total Count)","Weekly: Number of times a video has been viewed for at least 30s after the user clicked play (Total Count)","28 Days: Number of times a video has been viewed for at least 30s after the user clicked play (Total Count)","Daily: Number of times a video has been viewed for at least 30s outside the first play (Total Count)","Weekly: Number of times a video has been viewed for at least 30s outside the first play (Total Count)","28 Days: Number of times a video has been viewed for at least 30s outside the first play (Total Count)","Daily: Metric showing videos played for unique people for at least 30 seconds aggregated at the page level (Unique Users)","Weekly: Metric showing videos played for unique people for at least 30 seconds aggregated at the page level (Unique Users)","28 Days: Metric showing videos played for unique people for at least 30 seconds aggregated at the page level (Unique Users)","Daily: The number of clicks on your Page's contact info and call-to-action button.","Weekly: The number of clicks on your Page's contact info and call-to-action button.","Daily: Total get direction click count per Page","Weekly: Total get direction click count per Page","Daily: Total get direction click count per Page  (Unique Users)","Weekly: Total get direction click count per Page (Unique Users)","Daily: Total phone calls click count per Page","Weekly: Total phone calls click count per Page","Daily: Total phone calls click count per Page (Unique Users)","Weekly: Total phone calls click count per Page (Unique Users)","Daily: Total website click count per Page","Weekly: Total website click count per Page","Daily: Total website click count per Page (Unique Users)","Weekly: Total website click count per Page (Unique Users)","Daily: The number of people talking about your Page, by story type. (Unique Users)",,,,,,,,,"Weekly: The number of people talking about your Page, by story type. (Unique Users)",,,,,,,,,"28 Days: The number of people talking about your Page, by story type. (Unique Users)",,,,,,,,,"Daily: The number of stories about your Page by story type. (Total Count)",,,,,,,,,"Weekly: The number of stories about your Page by story type. (Total Count)",,,,,,,,,"28 Days: The number of stories about your Page by story type. (Total Count)",,,,,,,,,"Daily: The number of clicks on any of your content, by type. Stories generated without clicks on page content (e.g., liking the page in Timeline) are not included. (Total Count)",,,,,"Weekly: The number of clicks on any of your content, by type. Stories generated without clicks on page content (e.g., liking the page in Timeline) are not included. (Total Count)",,,,,"28 Days: The number of clicks on any of your content, by type. Stories generated without clicks on page content (e.g., liking the page in Timeline) are not included. (Total Count)",,,,,"Daily: The number of people who have given negative feedback to your Page, by type. (Unique Users)",,,,,"Weekly: The number of people who have given negative feedback to your Page, by type. (Unique Users)",,,,,"28 Days: The number of people who have given negative feedback to your Page, by type. (Unique Users)",,,,,"Daily: The number of times people have given negative feedback to your Page, by type. (Total Count)",,,,,"Weekly: The number of times people have given negative feedback to your Page, by type. (Total Count)",,,,,"28 Days: The number of times people have given negative feedback to your Page, by type. (Total Count)",,,,,"Daily: The number of times people have given positive feedback to your Page, by type. (Total Count)",,,,,,"Weekly: The number of times people have given positive feedback to your Page, by type. (Total Count)",,,,,,"28 Days: The number of times people have given positive feedback to your Page, by type. (Unique Users)",,,,,,"Daily: The number of times people have given positive feedback to your Page, by type. (Unique Users)",,,,,,"Weekly: The number of times people have given positive feedback to your Page, by type. (Unique Users)",,,,,,"28 Days: The number of times people have given positive feedback to your Page, by type. (Total Count)",,,,,,"Daily: Total get direction click count per Page by site (Unique Users)",,,,,"Weekly: Total get direction click count per Page by site (Unique Users)",,,,,"Daily: Total phone calls click count per Page by site (Unique Users)",,,,,"Weekly: Total phone calls click count per Page by site (Unique Users)",,,,,"Daily: Total website click count per Page by site (Unique Users)",,,,,"Weekly: Total website click count per Page by site (Unique Users)",,,,,"Daily: Total get direction click count per Page by age and gender (Unique Users)",,,,,,,,,,,,,,,,,,,,,,,,,,,"Weekly: Total get direction click count per Page by age and gender (Unique Users)",,,,,,,,,,,,,,,,,,,,,,,,,,,"Daily: Total phone calls click count per Page by age and gender (Unique Users)",,,,,,,,,,,,,,,,,,,,,,,,,,,"Weekly: Total phone calls click count per Page by age and gender (Unique Users)",,,,,,,,,,,,,,,,,,,,,,,,,,,"Daily: Total web site click count per Page by age and gender (Unique Users)",,,,,,,,,,,,,,,,,,,,,,,,,,,"Weekly: Total web site click count per Page by age and gender (Unique Users)",,,,,,,,,,,,,,,,,,,,,,,,,,
2016-03-01,,,,,,,,,,,,,,,,,,,,,,,,,,,,,,,,,,,,,,,,,,,,,,,,,,,,,,,,,,,,,,,,,,,,,,,,,,,,,,,,,,,,8,44,,,,,3,18,,,,,8,44,,8,40,,,4,,,9,,8,35,,3,18,,3,16,,,2,,,2,,3,16,,,,,,,,,,,,,,,0,0,0,0,0,0,0,0,0,0,0,0,0,0,0,0,0,0,0,0,0,0,0,0,0,0,0,0,0,0,0,0,0,0,0,0,0,0,0,0,0,0,0,0,0,0,0,0,0,0,0,0,0,0,0,0,0,0,0,0,0,0,0,0,0,0,0,0,0,0,0,0,0,0,0,0,0,0,0,0,0,0,0,0,0,0,0,0,0,0,0,0,0,0,0,0,0,0,0,0,0,0,0,0,0,0,0,0,0,0,0,0,0,0,0,0,0,0,0,0,0,0,0,0,0,0,0,0,0,0,0,0,0,0,0,0,0,0,0,0,0,0,0,0,0,0,0,0,0,0,0,0,0,0,0,0,0,0,0,0,0,0,0,0,0,0,0,0,0,0,0,0,0,0,0,0,0,0,0,0,0,0,0,0,0,0,0,0,0,0,0,0,0,0,0,0,0,0,0,0,0,0,0,0,0,0,0,0,0,0,0,0,0,0,0,0,0,0,0,0,0,0,0,0,0,0,0,0,0,0,0,0,0,0,0,0,0,0,0,0,0,0,0,0,0,0,0,0,0,0,0,0,0,0,0,0,0,0,0,0,0,0,0,0,0,0,0,0,0,0,0,0,0,0,0,0,0,0,0,0,0,0,0,0,0,0,0,0,0,0,0,0,0,0,0,0,0,0,0,0,0,0,0,0,0,0,0,0,0,0,0,0,0,0,0,0,0,0,0,0,0,0,0,0,0,0,0
2016-03-02,,,,,,,,,,,,,,,,,,,,,,,,,,,,,,,,,,,,,,,,,,,,,,,,,,,,,,,,,,,,,,,,,,,,,,,,,,,,,,,,,,,1,5,43,,,,,1,17,,,,1,5,43,1,5,39,,,4,,,8,1,5,35,,1,17,,1,15,,,2,,,1,,1,16,,,,,,,,,,,,,,,0,0,0,0,0,0,0,0,0,0,0,0,0,0,0,0,0,0,0,0,0,0,0,0,0,0,0,0,0,0,0,0,0,0,0,0,0,0,0,0,0,0,0,0,0,0,0,0,0,0,0,0,0,0,0,0,0,0,0,0,0,0,0,0,0,0,0,0,0,0,0,0,0,0,0,0,0,0,0,0,0,0,0,0,0,0,0,0,0,0,0,0,0,0,0,0,0,0,0,0,0,0,0,0,0,0,0,0,0,0,0,0,0,0,0,0,0,0,0,0,0,0,0,0,0,0,0,0,0,0,0,0,0,0,0,0,0,0,0,0,0,0,0,0,0,0,0,0,0,0,0,0,0,0,0,0,0,0,0,0,0,0,0,0,0,0,0,0,0,0,0,0,0,0,0,0,0,0,0,0,0,0,0,0,0,0,0,0,0,0,0,0,0,0,0,0,0,0,0,0,0,0,0,0,0,0,0,0,0,0,0,0,0,0,0,0,0,0,0,0,0,0,0,0,0,0,0,0,0,0,0,0,0,0,0,0,0,0,0,0,0,0,0,0,0,0,0,0,0,0,0,0,0,0,0,0,0,0,0,0,0,0,0,0,0,0,0,0,0,0,0,0,0,0,0,0,0,0,0,0,0,0,0,0,0,0,0,0,0,0,0,0,0,0,0,0,0,0,0,0,0,0,0,0,0,0,0,0,0,0,0,0,0,0,0,0,0,0,0,0,0,0,0,0,0,0,0
2016-03-03,,,,,,,,,,,,,,,,,,,,,,,,,,,,,,,,,,,,,,,,,,,,,,,,,,,,,,,,,,,,,,,,,,,,,,,,,,,,,,,,,,,1,5,44,,,,,,17,,,,1,5,44,1,5,40,,,4,,,8,1,5,36,,,17,,,15,,,2,,,1,,,16,,,,,,,,,,,,,,,0,0,0,0,0,0,0,0,0,0,0,0,0,0,0,0,0,0,0,0,0,0,0,0,0,0,0,0,0,0,0,0,0,0,0,0,0,0,0,0,0,0,0,0,0,0,0,0,0,0,0,0,0,0,0,0,0,0,0,0,0,0,0,0,0,0,0,0,0,0,0,0,0,0,0,0,0,0,0,0,0,0,0,0,0,0,0,0,0,0,0,0,0,0,0,0,0,0,0,0,0,0,0,0,0,0,0,0,0,0,0,0,0,0,0,0,0,0,0,0,0,0,0,0,0,0,0,0,0,0,0,0,0,0,0,0,0,0,0,0,0,0,0,0,0,0,0,0,0,0,0,0,0,0,0,0,0,0,0,0,0,0,0,0,0,0,0,0,0,0,0,0,0,0,0,0,0,0,0,0,0,0,0,0,0,0,0,0,0,0,0,0,0,0,0,0,0,0,0,0,0,0,0,0,0,0,0,0,0,0,0,0,0,0,0,0,0,0,0,0,0,0,0,0,0,0,0,0,0,0,0,0,0,0,0,0,0,0,0,0,0,0,0,0,0,0,0,0,0,0,0,0,0,0,0,0,0,0,0,0,0,0,0,0,0,0,0,0,0,0,0,0,0,0,0,0,0,0,0,0,0,0,0,0,0,0,0,0,0,0,0,0,0,0,0,0,0,0,0,0,0,0,0,0,0,0,0,0,0,0,0,0,0,0,0,0,0,0,0,0,0,0,0,0,0,0,0
2016-03-04,,,,,,,,,,,,,,,,,,,,,,,,,,,,,,,,,,,,,,,,,,,,,,,,,,,,,,,,,,,,,,,,,,,,,,,,,,,,,,,,,,,1,6,41,,,,,,15,,,,1,6,41,1,6,39,,,2,,,7,1,6,34,,,15,,,14,,,1,,,1,,,14,,,,,,,,,,,,,,,0,0,0,0,0,0,0,0,0,0,0,0,0,0,0,0,0,0,0,0,0,0,0,0,0,0,0,0,0,0,0,0,0,0,0,0,0,0,0,0,0,0,0,0,0,0,0,0,0,0,0,0,0,0,0,0,0,0,0,0,0,0,0,0,0,0,0,0,0,0,0,0,0,0,0,0,0,0,0,0,0,0,0,0,0,0,0,0,0,0,0,0,0,0,0,0,0,0,0,0,0,0,0,0,0,0,0,0,0,0,0,0,0,0,0,0,0,0,0,0,0,0,0,0,0,0,0,0,0,0,0,0,0,0,0,0,0,0,0,0,0,0,0,0,0,0,0,0,0,0,0,0,0,0,0,0,0,0,0,0,0,0,0,0,0,0,0,0,0,0,0,0,0,0,0,0,0,0,0,0,0,0,0,0,0,0,0,0,0,0,0,0,0,0,0,0,0,0,0,0,0,0,0,0,0,0,0,0,0,0,0,0,0,0,0,0,0,0,0,0,0,0,0,0,0,0,0,0,0,0,0,0,0,0,0,0,0,0,0,0,0,0,0,0,0,0,0,0,0,0,0,0,0,0,0,0,0,0,0,0,0,0,0,0,0,0,0,0,0,0,0,0,0,0,0,0,0,0,0,0,0,0,0,0,0,0,0,0,0,0,0,0,0,0,0,0,0,0,0,0,0,0,0,0,0,0,0,0,0,0,0,0,0,0,0,0,0,0,0,0,0,0,0,0,0,0,0
2016-03-05,,,,,,,,,,,,,,,,,,,,,,,,,,,,,,,,,,,,,,,,,,,,,,,,,,,,,,,,,,,,,,,,,,,,,,,,,,,,,,,,,,,,5,40,,,,,,15,,,,,5,40,,5,39,,,1,,,7,,5,33,,,15,,,14,,,1,,,1,,,14,,,,,,,,,,,,,,,0,0,0,0,0,0,0,0,0,0,0,0,0,0,0,0,0,0,0,0,0,0,0,0,0,0,0,0,0,0,0,0,0,0,0,0,0,0,0,0,0,0,0,0,0,0,0,0,0,0,0,0,0,0,0,0,0,0,0,0,0,0,0,0,0,0,0,0,0,0,0,0,0,0,0,0,0,0,0,0,0,0,0,0,0,0,0,0,0,0,0,0,0,0,0,0,0,0,0,0,0,0,0,0,0,0,0,0,0,0,0,0,0,0,0,0,0,0,0,0,0,0,0,0,0,0,0,0,0,0,0,0,0,0,0,0,0,0,0,0,0,0,0,0,0,0,0,0,0,0,0,0,0,0,0,0,0,0,0,0,0,0,0,0,0,0,0,0,0,0,0,0,0,0,0,0,0,0,0,0,0,0,0,0,0,0,0,0,0,0,0,0,0,0,0,0,0,0,0,0,0,0,0,0,0,0,0,0,0,0,0,0,0,0,0,0,0,0,0,0,0,0,0,0,0,0,0,0,0,0,0,0,0,0,0,0,0,0,0,0,0,0,0,0,0,0,0,0,0,0,0,0,0,0,0,0,0,0,0,0,0,0,0,0,0,0,0,0,0,0,0,0,0,0,0,0,0,0,0,0,0,0,0,0,0,0,0,0,0,0,0,0,0,0,0,0,0,0,0,0,0,0,0,0,0,0,0,0,0,0,0,0,0,0,0,0,0,0,0,0,0,0,0,0,0,0,0
2016-03-06,,,,,,,,,,,,,,,,,,,,,,,,,,,,,,,,,,,,,,,,,,,,,,,,,,,,,,,,,,,,,,,,,,,,,,,,,,,,,,,,,,,,4,40,,,,,,15,,,,,4,40,,4,39,,,1,,,7,,4,33,,,15,,,14,,,1,,,1,,,14,,,,,,,,,,,,,,,0,0,0,0,0,0,0,0,0,0,0,0,0,0,0,0,0,0,0,0,0,0,0,0,0,0,0,0,0,0,0,0,0,0,0,0,0,0,0,0,0,0,0,0,0,0,0,0,0,0,0,0,0,0,0,0,0,0,0,0,0,0,0,0,0,0,0,0,0,0,0,0,0,0,0,0,0,0,0,0,0,0,0,0,0,0,0,0,0,0,0,0,0,0,0,0,0,0,0,0,0,0,0,0,0,0,0,0,0,0,0,0,0,0,0,0,0,0,0,0,0,0,0,0,0,0,0,0,0,0,0,0,0,0,0,0,0,0,0,0,0,0,0,0,0,0,0,0,0,0,0,0,0,0,0,0,0,0,0,0,0,0,0,0,0,0,0,0,0,0,0,0,0,0,0,0,0,0,0,0,0,0,0,0,0,0,0,0,0,0,0,0,0,0,0,0,0,0,0,0,0,0,0,0,0,0,0,0,0,0,0,0,0,0,0,0,0,0,0,0,0,0,0,0,0,0,0,0,0,0,0,0,0,0,0,0,0,0,0,0,0,0,0,0,0,0,0,0,0,0,0,0,0,0,0,0,0,0,0,0,0,0,0,0,0,0,0,0,0,0,0,0,0,0,0,0,0,0,0,0,0,0,0,0,0,0,0,0,0,0,0,0,0,0,0,0,0,0,0,0,0,0,0,0,0,0,0,0,0,0,0,0,0,0,0,0,0,0,0,0,0,0,0,0,0,0,0
2016-03-07,,,,,,,,,,,,,,,,,,,,,,,,,,,,,,,,,,,,,,,,,,,,,,,,,,,,,,,,,,,,,,,,,,,,,,,,,,,,,,,,,,,,3,39,,,,,,15,,,,,3,39,,3,38,,,1,,,7,,3,32,,,15,,,14,,,1,,,1,,,14,,,,,,,,,,,,,,,0,0,0,0,0,0,0,0,0,0,0,0,0,0,0,0,0,0,0,0,0,0,0,0,0,0,0,0,0,0,0,0,0,0,0,0,0,0,0,0,0,0,0,0,0,0,0,0,0,0,0,0,0,0,0,0,0,0,0,0,0,0,0,0,0,0,0,0,0,0,0,0,0,0,0,0,0,0,0,0,0,0,0,0,0,0,0,0,0,0,0,0,0,0,0,0,0,0,0,0,0,0,0,0,0,0,0,0,0,0,0,0,0,0,0,0,0,0,0,0,0,0,0,0,0,0,0,0,0,0,0,0,0,0,0,0,0,0,0,0,0,0,0,0,0,0,0,0,0,0,0,0,0,0,0,0,0,0,0,0,0,0,0,0,0,0,0,0,0,0,0,0,0,0,0,0,0,0,0,0,0,0,0,0,0,0,0,0,0,0,0,0,0,0,0,0,0,0,0,0,0,0,0,0,0,0,0,0,0,0,0,0,0,0,0,0,0,0,0,0,0,0,0,0,0,0,0,0,0,0,0,0,0,0,0,0,0,0,0,0,0,0,0,0,0,0,0,0,0,0,0,0,0,0,0,0,0,0,0,0,0,0,0,0,0,0,0,0,0,0,0,0,0,0,0,0,0,0,0,0,0,0,0,0,0,0,0,0,0,0,0,0,0,0,0,0,0,0,0,0,0,0,0,0,0,0,0,0,0,0,0,0,0,0,0,0,0,0,0,0,0,0,0,0,0,0,0
2016-03-08,,,,,,,,,,,,,,,,,,,,,,,,,,,,,,,,,,,,,,,,,,,,,,,,,,,,,,,,,,,,,,,,,,,,,,,,,,,,,,,,,,,1,4,39,,,,,,14,,,,1,4,39,1,4,38,,,1,,,7,1,4,32,,,14,,,13,,,1,,,1,,,13,,,,,,,,,,,,,,,0,0,0,0,0,0,0,0,0,0,0,0,0,0,0,0,0,0,0,0,0,0,0,0,0,0,0,0,0,0,0,0,0,0,0,0,0,0,0,0,0,0,0,0,0,0,0,0,0,0,0,0,0,0,0,0,0,0,0,0,0,0,0,0,0,0,0,0,0,0,0,0,0,0,0,0,0,0,0,0,0,0,0,0,0,0,0,0,0,0,0,0,0,0,0,0,0,0,0,0,0,0,0,0,0,0,0,0,0,0,0,0,0,0,0,0,0,0,0,0,0,0,0,0,0,0,0,0,0,0,0,0,0,0,0,0,0,0,0,0,0,0,0,0,0,0,0,0,0,0,0,0,0,0,0,0,0,0,0,0,0,0,0,0,0,0,0,0,0,0,0,0,0,0,0,0,0,0,0,0,0,0,0,0,0,0,0,0,0,0,0,0,0,0,0,0,0,0,0,0,0,0,0,0,0,0,0,0,0,0,0,0,0,0,0,0,0,0,0,0,0,0,0,0,0,0,0,0,0,0,0,0,0,0,0,0,0,0,0,0,0,0,0,0,0,0,0,0,0,0,0,0,0,0,0,0,0,0,0,0,0,0,0,0,0,0,0,0,0,0,0,0,0,0,0,0,0,0,0,0,0,0,0,0,0,0,0,0,0,0,0,0,0,0,0,0,0,0,0,0,0,0,0,0,0,0,0,0,0,0,0,0,0,0,0,0,0,0,0,0,0,0,0,0,0,0,0
2016-03-09,,,,,,,,,,,,,,,,,,,,,,,,,,,,,,,,,,,,,,,,,,,,,,,,,,,,,,,,,,,,,,,,,,,,,,,,,,,,,,,,,,,1,4,39,,,,,,14,,,,1,4,39,1,4,38,,,1,,,7,1,4,32,,,14,,,13,,,1,,,1,,,13,,,,,,,,,,,,,,,0,0,0,0,0,0,0,0,0,0,0,0,0,0,0,0,0,0,0,0,0,0,0,0,0,0,0,0,0,0,0,0,0,0,0,0,0,0,0,0,0,0,0,0,0,0,0,0,0,0,0,0,0,0,0,0,0,0,0,0,0,0,0,0,0,0,0,0,0,0,0,0,0,0,0,0,0,0,0,0,0,0,0,0,0,0,0,0,0,0,0,0,0,0,0,0,0,0,0,0,0,0,0,0,0,0,0,0,0,0,0,0,0,0,0,0,0,0,0,0,0,0,0,0,0,0,0,0,0,0,0,0,0,0,0,0,0,0,0,0,0,0,0,0,0,0,0,0,0,0,0,0,0,0,0,0,0,0,0,0,0,0,0,0,0,0,0,0,0,0,0,0,0,0,0,0,0,0,0,0,0,0,0,0,0,0,0,0,0,0,0,0,0,0,0,0,0,0,0,0,0,0,0,0,0,0,0,0,0,0,0,0,0,0,0,0,0,0,0,0,0,0,0,0,0,0,0,0,0,0,0,0,0,0,0,0,0,0,0,0,0,0,0,0,0,0,0,0,0,0,0,0,0,0,0,0,0,0,0,0,0,0,0,0,0,0,0,0,0,0,0,0,0,0,0,0,0,0,0,0,0,0,0,0,0,0,0,0,0,0,0,0,0,0,0,0,0,0,0,0,0,0,0,0,0,0,0,0,0,0,0,0,0,0,0,0,0,0,0,0,0,0,0,0,0,0,0
2016-03-10,,,,,,,,,,,,,,,,,,,,,,,,,,,,,,,,,,,,,,,,,,,,,,,,,,,,,,,,,,,,,,,,,,,,,,,,,,,,,,,,,,,,3,35,,,,,,12,,,,,3,35,,3,34,,,1,,,7,,3,28,,,12,,,11,,,1,,,1,,,11,,,,,,,,,,,,,,,0,0,0,0,0,0,0,0,0,0,0,0,0,0,0,0,0,0,0,0,0,0,0,0,0,0,0,0,0,0,0,0,0,0,0,0,0,0,0,0,0,0,0,0,0,0,0,0,0,0,0,0,0,0,0,0,0,0,0,0,0,0,0,0,0,0,0,0,0,0,0,0,0,0,0,0,0,0,0,0,0,0,0,0,0,0,0,0,0,0,0,0,0,0,0,0,0,0,0,0,0,0,0,0,0,0,0,0,0,0,0,0,0,0,0,0,0,0,0,0,0,0,0,0,0,0,0,0,0,0,0,0,0,0,0,0,0,0,0,0,0,0,0,0,0,0,0,0,0,0,0,0,0,0,0,0,0,0,0,0,0,0,0,0,0,0,0,0,0,0,0,0,0,0,0,0,0,0,0,0,0,0,0,0,0,0,0,0,0,0,0,0,0,0,0,0,0,0,0,0,0,0,0,0,0,0,0,0,0,0,0,0,0,0,0,0,0,0,0,0,0,0,0,0,0,0,0,0,0,0,0,0,0,0,0,0,0,0,0,0,0,0,0,0,0,0,0,0,0,0,0,0,0,0,0,0,0,0,0,0,0,0,0,0,0,0,0,0,0,0,0,0,0,0,0,0,0,0,0,0,0,0,0,0,0,0,0,0,0,0,0,0,0,0,0,0,0,0,0,0,0,0,0,0,0,0,0,0,0,0,0,0,0,0,0,0,0,0,0,0,0,0,0,0,0,0,0
2016-03-11,,,,,,,,,,,,,,,,,,,,,,,,,,,,,,,,,,,,,,,,,,,,,,,,,,,,,,,,,,,,,,,,,,,,,,,,,,,,,,,,,,,,2,29,,,,,,11,,,,,2,29,,2,28,,,1,,,5,,2,24,,,11,,,10,,,1,,,1,,,10,,,,,,,,,,,,,,,0,0,0,0,0,0,0,0,0,0,0,0,0,0,0,0,0,0,0,0,0,0,0,0,0,0,0,0,0,0,0,0,0,0,0,0,0,0,0,0,0,0,0,0,0,0,0,0,0,0,0,0,0,0,0,0,0,0,0,0,0,0,0,0,0,0,0,0,0,0,0,0,0,0,0,0,0,0,0,0,0,0,0,0,0,0,0,0,0,0,0,0,0,0,0,0,0,0,0,0,0,0,0,0,0,0,0,0,0,0,0,0,0,0,0,0,0,0,0,0,0,0,0,0,0,0,0,0,0,0,0,0,0,0,0,0,0,0,0,0,0,0,0,0,0,0,0,0,0,0,0,0,0,0,0,0,0,0,0,0,0,0,0,0,0,0,0,0,0,0,0,0,0,0,0,0,0,0,0,0,0,0,0,0,0,0,0,0,0,0,0,0,0,0,0,0,0,0,0,0,0,0,0,0,0,0,0,0,0,0,0,0,0,0,0,0,0,0,0,0,0,0,0,0,0,0,0,0,0,0,0,0,0,0,0,0,0,0,0,0,0,0,0,0,0,0,0,0,0,0,0,0,0,0,0,0,0,0,0,0,0,0,0,0,0,0,0,0,0,0,0,0,0,0,0,0,0,0,0,0,0,0,0,0,0,0,0,0,0,0,0,0,0,0,0,0,0,0,0,0,0,0,0,0,0,0,0,0,0,0,0,0,0,0,0,0,0,0,0,0,0,0,0,0,0,0,0
2016-03-12,,,,,,,,,,,,,,,,,,,,,,,,,,,,,,,,,,,,,,,,,,,,,,,,,,,,,,,,,,,,,,,,,,,,,,,,,,,,,,,,,,,,2,29,,,,,,11,,,,,2,29,,2,28,,,1,,,5,,2,24,,,11,,,10,,,1,,,1,,,10,,,,,,,,,,,,,,,0,0,0,0,0,0,0,0,0,0,0,0,0,0,0,0,0,0,0,0,0,0,0,0,0,0,0,0,0,0,0,0,0,0,0,0,0,0,0,0,0,0,0,0,0,0,0,0,0,0,0,0,0,0,0,0,0,0,0,0,0,0,0,0,0,0,0,0,0,0,0,0,0,0,0,0,0,0,0,0,0,0,0,0,0,0,0,0,0,0,0,0,0,0,0,0,0,0,0,0,0,0,0,0,0,0,0,0,0,0,0,0,0,0,0,0,0,0,0,0,0,0,0,0,0,0,0,0,0,0,0,0,0,0,0,0,0,0,0,0,0,0,0,0,0,0,0,0,0,0,0,0,0,0,0,0,0,0,0,0,0,0,0,0,0,0,0,0,0,0,0,0,0,0,0,0,0,0,0,0,0,0,0,0,0,0,0,0,0,0,0,0,0,0,0,0,0,0,0,0,0,0,0,0,0,0,0,0,0,0,0,0,0,0,0,0,0,0,0,0,0,0,0,0,0,0,0,0,0,0,0,0,0,0,0,0,0,0,0,0,0,0,0,0,0,0,0,0,0,0,0,0,0,0,0,0,0,0,0,0,0,0,0,0,0,0,0,0,0,0,0,0,0,0,0,0,0,0,0,0,0,0,0,0,0,0,0,0,0,0,0,0,0,0,0,0,0,0,0,0,0,0,0,0,0,0,0,0,0,0,0,0,0,0,0,0,0,0,0,0,0,0,0,0,0,0,0
2016-03-13,,,,,,,,,,,,,,,,,,,,,,,,,,,,,,,,,,,,,,,,,,,,,,,,,,,,,,,,,,,,,,,,,,,,,,,,,,,,,,,,,,,,2,26,,,,,,9,,,,,2,26,,2,25,,,1,,,3,,2,23,,,9,,,8,,,1,,,,,,9,,,,,,,,,,,,,,,0,0,0,0,0,0,0,0,0,0,0,0,0,0,0,0,0,0,0,0,0,0,0,0,0,0,0,0,0,0,0,0,0,0,0,0,0,0,0,0,0,0,0,0,0,0,0,0,0,0,0,0,0,0,0,0,0,0,0,0,0,0,0,0,0,0,0,0,0,0,0,0,0,0,0,0,0,0,0,0,0,0,0,0,0,0,0,0,0,0,0,0,0,0,0,0,0,0,0,0,0,0,0,0,0,0,0,0,0,0,0,0,0,0,0,0,0,0,0,0,0,0,0,0,0,0,0,0,0,0,0,0,0,0,0,0,0,0,0,0,0,0,0,0,0,0,0,0,0,0,0,0,0,0,0,0,0,0,0,0,0,0,0,0,0,0,0,0,0,0,0,0,0,0,0,0,0,0,0,0,0,0,0,0,0,0,0,0,0,0,0,0,0,0,0,0,0,0,0,0,0,0,0,0,0,0,0,0,0,0,0,0,0,0,0,0,0,0,0,0,0,0,0,0,0,0,0,0,0,0,0,0,0,0,0,0,0,0,0,0,0,0,0,0,0,0,0,0,0,0,0,0,0,0,0,0,0,0,0,0,0,0,0,0,0,0,0,0,0,0,0,0,0,0,0,0,0,0,0,0,0,0,0,0,0,0,0,0,0,0,0,0,0,0,0,0,0,0,0,0,0,0,0,0,0,0,0,0,0,0,0,0,0,0,0,0,0,0,0,0,0,0,0,0,0,0,0
2016-03-14,,,,,,,,,,,,,,,,,,,,,,,,,,,,,,,,,,,,,,,,,,,,,,,,,,,,,,,,,,,,,,,,,,,,,,,,,,,,,,,,,,,,2,26,,,,,,9,,,,,2,26,,2,25,,,1,,,3,,2,23,,,9,,,8,,,1,,,,,,9,,,,,,,,,,,,,,,0,0,0,0,0,0,0,0,0,0,0,0,0,0,0,0,0,0,0,0,0,0,0,0,0,0,0,0,0,0,0,0,0,0,0,0,0,0,0,0,0,0,0,0,0,0,0,0,0,0,0,0,0,0,0,0,0,0,0,0,0,0,0,0,0,0,0,0,0,0,0,0,0,0,0,0,0,0,0,0,0,0,0,0,0,0,0,0,0,0,0,0,0,0,0,0,0,0,0,0,0,0,0,0,0,0,0,0,0,0,0,0,0,0,0,0,0,0,0,0,0,0,0,0,0,0,0,0,0,0,0,0,0,0,0,0,0,0,0,0,0,0,0,0,0,0,0,0,0,0,0,0,0,0,0,0,0,0,0,0,0,0,0,0,0,0,0,0,0,0,0,0,0,0,0,0,0,0,0,0,0,0,0,0,0,0,0,0,0,0,0,0,0,0,0,0,0,0,0,0,0,0,0,0,0,0,0,0,0,0,0,0,0,0,0,0,0,0,0,0,0,0,0,0,0,0,0,0,0,0,0,0,0,0,0,0,0,0,0,0,0,0,0,0,0,0,0,0,0,0,0,0,0,0,0,0,0,0,0,0,0,0,0,0,0,0,0,0,0,0,0,0,0,0,0,0,0,0,0,0,0,0,0,0,0,0,0,0,0,0,0,0,0,0,0,0,0,0,0,0,0,0,0,0,0,0,0,0,0,0,0,0,0,0,0,0,0,0,0,0,0,0,0,0,0,0,0
2016-03-15,,,,,,,,,,,,,,,,,,,,,,,,,,,,,,,,,,,,,,,,,,,,,,,,,,,,,,,,,,,,,,,,,,,,,,,,,,,,,,,,,,,2,3,26,,,,,,8,,,,2,3,26,2,3,25,,,1,,,3,2,3,23,,,8,,,7,,,1,,,,,,8,,,,,,,,,,,,,,,0,0,0,0,0,0,0,0,0,0,0,0,0,0,0,0,0,0,0,0,0,0,0,0,0,0,0,0,0,0,0,0,0,0,0,0,0,0,0,0,0,0,0,0,0,0,0,0,0,0,0,0,0,0,0,0,0,0,0,0,0,0,0,0,0,0,0,0,0,0,0,0,0,0,0,0,0,0,0,0,0,0,0,0,0,0,0,0,0,0,0,0,0,0,0,0,0,0,0,0,0,0,0,0,0,0,0,0,0,0,0,0,0,0,0,0,0,0,0,0,0,0,0,0,0,0,0,0,0,0,0,0,0,0,0,0,0,0,0,0,0,0,0,0,0,0,0,0,0,0,0,0,0,0,0,0,0,0,0,0,0,0,0,0,0,0,0,0,0,0,0,0,0,0,0,0,0,0,0,0,0,0,0,0,0,0,0,0,0,0,0,0,0,0,0,0,0,0,0,0,0,0,0,0,0,0,0,0,0,0,0,0,0,0,0,0,0,0,0,0,0,0,0,0,0,0,0,0,0,0,0,0,0,0,0,0,0,0,0,0,0,0,0,0,0,0,0,0,0,0,0,0,0,0,0,0,0,0,0,0,0,0,0,0,0,0,0,0,0,0,0,0,0,0,0,0,0,0,0,0,0,0,0,0,0,0,0,0,0,0,0,0,0,0,0,0,0,0,0,0,0,0,0,0,0,0,0,0,0,0,0,0,0,0,0,0,0,0,0,0,0,0,0,0,0,0,0
2016-03-16,,,,,,,,,,,,,,,,,,,,,,,,,,,,,,,,,,,,,,,,,,,,,,,,,,,,,,,,,,,,,,,,,,,,,,,,,,,,,,,,,,,213,215,238,,,,45,45,53,,,,213,215,238,210,212,234,3,3,4,16,16,22,197,199,216,45,45,53,43,43,50,2,2,3,1,1,,44,44,53,,,,,,,,,,,,,,,0,0,0,0,0,0,0,0,0,0,0,0,0,0,0,0,0,0,0,0,0,0,0,0,0,0,0,0,0,0,0,0,0,0,0,0,0,0,0,0,0,0,0,0,0,0,0,0,0,0,0,0,0,0,0,0,0,0,0,0,0,0,0,0,0,0,0,0,0,0,0,0,0,0,0,0,0,0,0,0,0,0,0,0,0,0,0,0,0,0,0,0,0,0,0,0,0,0,0,0,0,0,0,0,0,0,0,0,0,0,0,0,0,0,0,0,0,0,0,0,0,0,0,0,0,0,0,0,0,0,0,0,0,0,0,0,0,0,0,0,0,0,0,0,0,0,0,0,0,0,0,0,0,0,0,0,0,0,0,0,0,0,0,0,0,0,0,0,0,0,0,0,0,0,0,0,0,0,0,0,0,0,0,0,0,0,0,0,0,0,0,0,0,0,0,0,0,0,0,0,0,0,0,0,0,0,0,0,0,0,0,0,0,0,0,0,0,0,0,0,0,0,0,0,0,0,0,0,0,0,0,0,0,0,0,0,0,0,0,0,0,0,0,0,0,0,0,0,0,0,0,0,0,0,0,0,0,0,0,0,0,0,0,0,0,0,0,0,0,0,0,0,0,0,0,0,0,0,0,0,0,0,0,0,0,0,0,0,0,0,0,0,0,0,0,0,0,0,0,0,0,0,0,0,0,0,0,0,0,0,0,0,0,0,0,0,0,0,0,0,0,0,0,0,0,0,0
2016-03-17,,,,,,,,,,,,,,,,,,,,,,,,,,,,,,,,,,,,,,,,,,,,,,,,,,,,,,,,,,,,,,,,,,,,,,,,,,,,,,,,,,,65,280,302,,,,20,65,72,,,,65,280,302,63,275,296,2,5,6,8,33,39,57,247,263,20,65,72,20,63,69,,2,3,1,2,2,19,63,70,,,,,,,,,,,,,,,0,0,0,0,0,0,0,0,0,0,0,0,0,0,0,0,0,0,0,0,0,0,0,0,0,0,0,0,0,0,0,0,0,0,0,0,0,0,0,0,0,0,0,0,0,0,0,0,0,0,0,0,0,0,0,0,0,0,0,0,0,0,0,0,0,0,0,0,0,0,0,0,0,0,0,0,0,0,0,0,0,0,0,0,0,0,0,0,0,0,0,0,0,0,0,0,0,0,0,0,0,0,0,0,0,0,0,0,0,0,0,0,0,0,0,0,0,0,0,0,0,0,0,0,0,0,0,0,0,0,0,0,0,0,0,0,0,0,0,0,0,0,0,0,0,0,0,0,0,0,0,0,0,0,0,0,0,0,0,0,0,0,0,0,0,0,0,0,0,0,0,0,0,0,0,0,0,0,0,0,0,0,0,0,0,0,0,0,0,0,0,0,0,0,0,0,0,0,0,0,0,0,0,0,0,0,0,0,0,0,0,0,0,0,0,0,0,0,0,0,0,0,0,0,0,0,0,0,0,0,0,0,0,0,0,0,0,0,0,0,0,0,0,0,0,0,0,0,0,0,0,0,0,0,0,0,0,0,0,0,0,0,0,0,0,0,0,0,0,0,0,0,0,0,0,0,0,0,0,0,0,0,0,0,0,0,0,0,0,0,0,0,0,0,0,0,0,0,0,0,0,0,0,0,0,0,0,0,0,0,0,0,0,0,0,0,0,0,0,0,0,0,0,0,0,0,0
2016-03-18,,,,,,,,,,,,,,,,,,,,,,,,,,,,,,,,,,,,,,,,,,,,,,,,,,,,,,,,,,,,,,,,,,,,,,,,,,,,,,,,,,,8,288,309,,,,2,67,73,,,,8,288,309,8,283,303,,5,6,1,35,41,7,253,268,2,67,73,2,65,70,,2,3,,2,2,2,65,71,,,,,,,,,,,,,,,0,0,0,0,0,0,0,0,0,0,0,0,0,0,0,0,0,0,0,0,0,0,0,0,0,0,0,0,0,0,0,0,0,0,0,0,0,0,0,0,0,0,0,0,0,0,0,0,0,0,0,0,0,0,0,0,0,0,0,0,0,0,0,0,0,0,0,0,0,0,0,0,0,0,0,0,0,0,0,0,0,0,0,0,0,0,0,0,0,0,0,0,0,0,0,0,0,0,0,0,0,0,0,0,0,0,0,0,0,0,0,0,0,0,0,0,0,0,0,0,0,0,0,0,0,0,0,0,0,0,0,0,0,0,0,0,0,0,0,0,0,0,0,0,0,0,0,0,0,0,0,0,0,0,0,0,0,0,0,0,0,0,0,0,0,0,0,0,0,0,0,0,0,0,0,0,0,0,0,0,0,0,0,0,0,0,0,0,0,0,0,0,0,0,0,0,0,0,0,0,0,0,0,0,0,0,0,0,0,0,0,0,0,0,0,0,0,0,0,0,0,0,0,0,0,0,0,0,0,0,0,0,0,0,0,0,0,0,0,0,0,0,0,0,0,0,0,0,0,0,0,0,0,0,0,0,0,0,0,0,0,0,0,0,0,0,0,0,0,0,0,0,0,0,0,0,0,0,0,0,0,0,0,0,0,0,0,0,0,0,0,0,0,0,0,0,0,0,0,0,0,0,0,0,0,0,0,0,0,0,0,0,0,0,0,0,0,0,0,0,0,0,0,0,0,0,0
2016-03-19,,,,,,,,,,,,,,,,,,,,,,,,,,,,,,,,,,,,,,,,,,,,,,,,,,,,,,,,,,,,,,,,,,,,,,,,,,,,,,,,,,,2,290,310,,,,1,68,73,,,,2,290,310,1,284,303,1,6,7,,35,41,2,255,269,1,68,73,,65,69,1,3,4,,2,2,1,66,71,,,,,,,,,,,,,,,0,0,0,0,0,0,0,0,0,0,0,0,0,0,0,0,0,0,0,0,0,0,0,0,0,0,0,0,0,0,0,0,0,0,0,0,0,0,0,0,0,0,0,0,0,0,0,0,0,0,0,0,0,0,0,0,0,0,0,0,0,0,0,0,0,0,0,0,0,0,0,0,0,0,0,0,0,0,0,0,0,0,0,0,0,0,0,0,0,0,0,0,0,0,0,0,0,0,0,0,0,0,0,0,0,0,0,0,0,0,0,0,0,0,0,0,0,0,0,0,0,0,0,0,0,0,0,0,0,0,0,0,0,0,0,0,0,0,0,0,0,0,0,0,0,0,0,0,0,0,0,0,0,0,0,0,0,0,0,0,0,0,0,0,0,0,0,0,0,0,0,0,0,0,0,0,0,0,0,0,0,0,0,0,0,0,0,0,0,0,0,0,0,0,0,0,0,0,0,0,0,0,0,0,0,0,0,0,0,0,0,0,0,0,0,0,0,0,0,0,0,0,0,0,0,0,0,0,0,0,0,0,0,0,0,0,0,0,0,0,0,0,0,0,0,0,0,0,0,0,0,0,0,0,0,0,0,0,0,0,0,0,0,0,0,0,0,0,0,0,0,0,0,0,0,0,0,0,0,0,0,0,0,0,0,0,0,0,0,0,0,0,0,0,0,0,0,0,0,0,0,0,0,0,0,0,0,0,0,0,0,0,0,0,0,0,0,0,0,0,0,0,0,0,0,0,0
2016-03-20,,,,,,,,,,,,,,,,,,,,,,,,,,,,,,,,,,,,,,,,,,,,,,,,,,,,,,,,,,,,,,,,,,,,,,,,,,,,,,,,,,,,290,310,,,,,68,73,,,,,290,310,,284,303,,6,7,,35,41,,255,269,,68,73,,65,69,,3,4,,2,2,,66,71,,,,,,,,,,,,,,,0,0,0,0,0,0,0,0,0,0,0,0,0,0,0,0,0,0,0,0,0,0,0,0,0,0,0,0,0,0,0,0,0,0,0,0,0,0,0,0,0,0,0,0,0,0,0,0,0,0,0,0,0,0,0,0,0,0,0,0,0,0,0,0,0,0,0,0,0,0,0,0,0,0,0,0,0,0,0,0,0,0,0,0,0,0,0,0,0,0,0,0,0,0,0,0,0,0,0,0,0,0,0,0,0,0,0,0,0,0,0,0,0,0,0,0,0,0,0,0,0,0,0,0,0,0,0,0,0,0,0,0,0,0,0,0,0,0,0,0,0,0,0,0,0,0,0,0,0,0,0,0,0,0,0,0,0,0,0,0,0,0,0,0,0,0,0,0,0,0,0,0,0,0,0,0,0,0,0,0,0,0,0,0,0,0,0,0,0,0,0,0,0,0,0,0,0,0,0,0,0,0,0,0,0,0,0,0,0,0,0,0,0,0,0,0,0,0,0,0,0,0,0,0,0,0,0,0,0,0,0,0,0,0,0,0,0,0,0,0,0,0,0,0,0,0,0,0,0,0,0,0,0,0,0,0,0,0,0,0,0,0,0,0,0,0,0,0,0,0,0,0,0,0,0,0,0,0,0,0,0,0,0,0,0,0,0,0,0,0,0,0,0,0,0,0,0,0,0,0,0,0,0,0,0,0,0,0,0,0,0,0,0,0,0,0,0,0,0,0,0,0,0,0,0,0,0
2016-03-21,,,,,,,,,,,,,,,,,,,,,,,,,,,,,,,,,,,,,,,,,,,,,,,,,,,,,,,,,,,,,,,,,,,,,,,,,,,,,,,,,,,2,292,309,,,,,68,72,,,,2,292,309,2,286,302,,6,7,,34,39,2,258,270,,68,72,,65,68,,3,4,,2,2,,66,70,,,,,,,,,,,,,,,0,0,0,0,0,0,0,0,0,0,0,0,0,0,0,0,0,0,0,0,0,0,0,0,0,0,0,0,0,0,0,0,0,0,0,0,0,0,0,0,0,0,0,0,0,0,0,0,0,0,0,0,0,0,0,0,0,0,0,0,0,0,0,0,0,0,0,0,0,0,0,0,0,0,0,0,0,0,0,0,0,0,0,0,0,0,0,0,0,0,0,0,0,0,0,0,0,0,0,0,0,0,0,0,0,0,0,0,0,0,0,0,0,0,0,0,0,0,0,0,0,0,0,0,0,0,0,0,0,0,0,0,0,0,0,0,0,0,0,0,0,0,0,0,0,0,0,0,0,0,0,0,0,0,0,0,0,0,0,0,0,0,0,0,0,0,0,0,0,0,0,0,0,0,0,0,0,0,0,0,0,0,0,0,0,0,0,0,0,0,0,0,0,0,0,0,0,0,0,0,0,0,0,0,0,0,0,0,0,0,0,0,0,0,0,0,0,0,0,0,0,0,0,0,0,0,0,0,0,0,0,0,0,0,0,0,0,0,0,0,0,0,0,0,0,0,0,0,0,0,0,0,0,0,0,0,0,0,0,0,0,0,0,0,0,0,0,0,0,0,0,0,0,0,0,0,0,0,0,0,0,0,0,0,0,0,0,0,0,0,0,0,0,0,0,0,0,0,0,0,0,0,0,0,0,0,0,0,0,0,0,0,0,0,0,0,0,0,0,0,0,0,0,0,0,0,0
2016-03-22,,,,,,,,,,,,,,,,,,,,,,,,,,,,,,,,,,,,,,,,,,,,,,,,,,,,,,,,,,,,,,,,,,,,,,,,,,,,,,,,,,,11,301,316,,,,3,71,74,,,,11,301,316,10,294,309,1,7,7,3,42,45,8,259,271,3,71,74,3,68,71,,3,3,2,5,5,1,66,69,,,,,,,,,,,,,,,0,0,0,0,0,0,0,0,0,0,0,0,0,0,0,0,0,0,0,0,0,0,0,0,0,0,0,0,0,0,0,0,0,0,0,0,0,0,0,0,0,0,0,0,0,0,0,0,0,0,0,0,0,0,0,0,0,0,0,0,0,0,0,0,0,0,0,0,0,0,0,0,0,0,0,0,0,0,0,0,0,0,0,0,0,0,0,0,0,0,0,0,0,0,0,0,0,0,0,0,0,0,0,0,0,0,0,0,0,0,0,0,0,0,0,0,0,0,0,0,0,0,0,0,0,0,0,0,0,0,0,0,0,0,0,0,0,0,0,0,0,0,0,0,0,0,0,0,0,0,0,0,0,0,0,0,0,0,0,0,0,0,0,0,0,0,0,0,0,0,0,0,0,0,0,0,0,0,0,0,0,0,0,0,0,0,0,0,0,0,0,0,0,0,0,0,0,0,0,0,0,0,0,0,0,0,0,0,0,0,0,0,0,0,0,0,0,0,0,0,0,0,0,0,0,0,0,0,0,0,0,0,0,0,0,0,0,0,0,0,0,0,0,0,0,0,0,0,0,0,0,0,0,0,0,0,0,0,0,0,0,0,0,0,0,0,0,0,0,0,0,0,0,0,0,0,0,0,0,0,0,0,0,0,0,0,0,0,0,0,0,0,0,0,0,0,0,0,0,0,0,0,0,0,0,0,0,0,0,0,0,0,0,0,0,0,0,0,0,0,0,0,0,0,0,0,0
2016-03-23,,,,,,,,,,,,,,,,,,,,,,,,,,,,,,,,,,,,,,,,,,,,,,,,,,,,,,,,,,,,,,,,,,,,,,,,,,,,,,,,,,,2,90,314,,,,,26,72,,,,2,90,314,2,86,307,,4,7,,14,45,2,76,269,,26,72,,25,69,,1,3,,3,5,,23,67,,,,,,,,,,,,,,,0,0,0,0,0,0,0,0,0,0,0,0,0,0,0,0,0,0,0,0,0,0,0,0,0,0,0,0,0,0,0,0,0,0,0,0,0,0,0,0,0,0,0,0,0,0,0,0,0,0,0,0,0,0,0,0,0,0,0,0,0,0,0,0,0,0,0,0,0,0,0,0,0,0,0,0,0,0,0,0,0,0,0,0,0,0,0,0,0,0,0,0,0,0,0,0,0,0,0,0,0,0,0,0,0,0,0,0,0,0,0,0,0,0,0,0,0,0,0,0,0,0,0,0,0,0,0,0,0,0,0,0,0,0,0,0,0,0,0,0,0,0,0,0,0,0,0,0,0,0,0,0,0,0,0,0,0,0,0,0,0,0,0,0,0,0,0,0,0,0,0,0,0,0,0,0,0,0,0,0,0,0,0,0,0,0,0,0,0,0,0,0,0,0,0,0,0,0,0,0,0,0,0,0,0,0,0,0,0,0,0,0,0,0,0,0,0,0,0,0,0,0,0,0,0,0,0,0,0,0,0,0,0,0,0,0,0,0,0,0,0,0,0,0,0,0,0,0,0,0,0,0,0,0,0,0,0,0,0,0,0,0,0,0,0,0,0,0,0,0,0,0,0,0,0,0,0,0,0,0,0,0,0,0,0,0,0,0,0,0,0,0,0,0,0,0,0,0,0,0,0,0,0,0,0,0,0,0,0,0,0,0,0,0,0,0,0,0,0,0,0,0,0,0,0,0,0
2016-03-24,,,,,,,,,,,,,,,,,,,,,,,,,,,,,,,,,,,,,,,,,,,,,,,,,,,,,,,,,,,,,,,,,,,,,,,,,,,,,,,,,,,,25,313,,,,,6,71,,,,,25,313,,23,306,,2,7,,6,45,,19,268,,6,71,,5,68,,1,3,,2,5,,4,66,,,,,,,,,,,,,,,0,0,0,0,0,0,0,0,0,0,0,0,0,0,0,0,0,0,0,0,0,0,0,0,0,0,0,0,0,0,0,0,0,0,0,0,0,0,0,0,0,0,0,0,0,0,0,0,0,0,0,0,0,0,0,0,0,0,0,0,0,0,0,0,0,0,0,0,0,0,0,0,0,0,0,0,0,0,0,0,0,0,0,0,0,0,0,0,0,0,0,0,0,0,0,0,0,0,0,0,0,0,0,0,0,0,0,0,0,0,0,0,0,0,0,0,0,0,0,0,0,0,0,0,0,0,0,0,0,0,0,0,0,0,0,0,0,0,0,0,0,0,0,0,0,0,0,0,0,0,0,0,0,0,0,0,0,0,0,0,0,0,0,0,0,0,0,0,0,0,0,0,0,0,0,0,0,0,0,0,0,0,0,0,0,0,0,0,0,0,0,0,0,0,0,0,0,0,0,0,0,0,0,0,0,0,0,0,0,0,0,0,0,0,0,0,0,0,0,0,0,0,0,0,0,0,0,0,0,0,0,0,0,0,0,0,0,0,0,0,0,0,0,0,0,0,0,0,0,0,0,0,0,0,0,0,0,0,0,0,0,0,0,0,0,0,0,0,0,0,0,0,0,0,0,0,0,0,0,0,0,0,0,0,0,0,0,0,0,0,0,0,0,0,0,0,0,0,0,0,0,0,0,0,0,0,0,0,0,0,0,0,0,0,0,0,0,0,0,0,0,0,0,0,0,0,0
2016-03-25,,,,,,,,,,,,,,,,,,,,,,,,,,,,,,,,,,,,,,,,,,,,,,,,,,,,,,,,,,,,,,,,,,,,,,,,,,,,,,,,,,,4,21,317,,,,,4,71,,,,4,21,317,4,19,310,,2,7,,5,47,4,16,270,,4,71,,3,68,,1,3,,2,5,,2,66,,,,,,,,,,,,,,,0,0,0,0,0,0,0,0,0,0,0,0,0,0,0,0,0,0,0,0,0,0,0,0,0,0,0,0,0,0,0,0,0,0,0,0,0,0,0,0,0,0,0,0,0,0,0,0,0,0,0,0,0,0,0,0,0,0,0,0,0,0,0,0,0,0,0,0,0,0,0,0,0,0,0,0,0,0,0,0,0,0,0,0,0,0,0,0,0,0,0,0,0,0,0,0,0,0,0,0,0,0,0,0,0,0,0,0,0,0,0,0,0,0,0,0,0,0,0,0,0,0,0,0,0,0,0,0,0,0,0,0,0,0,0,0,0,0,0,0,0,0,0,0,0,0,0,0,0,0,0,0,0,0,0,0,0,0,0,0,0,0,0,0,0,0,0,0,0,0,0,0,0,0,0,0,0,0,0,0,0,0,0,0,0,0,0,0,0,0,0,0,0,0,0,0,0,0,0,0,0,0,0,0,0,0,0,0,0,0,0,0,0,0,0,0,0,0,0,0,0,0,0,0,0,0,0,0,0,0,0,0,0,0,0,0,0,0,0,0,0,0,0,0,0,0,0,0,0,0,0,0,0,0,0,0,0,0,0,0,0,0,0,0,0,0,0,0,0,0,0,0,0,0,0,0,0,0,0,0,0,0,0,0,0,0,0,0,0,0,0,0,0,0,0,0,0,0,0,0,0,0,0,0,0,0,0,0,0,0,0,0,0,0,0,0,0,0,0,0,0,0,0,0,0,0,0
2016-03-26,,,,,,,,,,,,,,,,,,,,,,,,,,,,,,,,,,,,,,,,,,,,,,,,,,,,,,,,,,,,,,,,,,,,,,,,,,,,,,,,,,,,19,316,,,,,3,71,,,,,19,316,,18,309,,1,7,,5,47,,14,269,,3,71,,3,68,,,3,,2,5,,1,66,,,,,,,,,,,,,,,0,0,0,0,0,0,0,0,0,0,0,0,0,0,0,0,0,0,0,0,0,0,0,0,0,0,0,0,0,0,0,0,0,0,0,0,0,0,0,0,0,0,0,0,0,0,0,0,0,0,0,0,0,0,0,0,0,0,0,0,0,0,0,0,0,0,0,0,0,0,0,0,0,0,0,0,0,0,0,0,0,0,0,0,0,0,0,0,0,0,0,0,0,0,0,0,0,0,0,0,0,0,0,0,0,0,0,0,0,0,0,0,0,0,0,0,0,0,0,0,0,0,0,0,0,0,0,0,0,0,0,0,0,0,0,0,0,0,0,0,0,0,0,0,0,0,0,0,0,0,0,0,0,0,0,0,0,0,0,0,0,0,0,0,0,0,0,0,0,0,0,0,0,0,0,0,0,0,0,0,0,0,0,0,0,0,0,0,0,0,0,0,0,0,0,0,0,0,0,0,0,0,0,0,0,0,0,0,0,0,0,0,0,0,0,0,0,0,0,0,0,0,0,0,0,0,0,0,0,0,0,0,0,0,0,0,0,0,0,0,0,0,0,0,0,0,0,0,0,0,0,0,0,0,0,0,0,0,0,0,0,0,0,0,0,0,0,0,0,0,0,0,0,0,0,0,0,0,0,0,0,0,0,0,0,0,0,0,0,0,0,0,0,0,0,0,0,0,0,0,0,0,0,0,0,0,0,0,0,0,0,0,0,0,0,0,0,0,0,0,0,0,0,0,0,0,0
2016-03-27,,,,,,,,,,,,,,,,,,,,,,,,,,,,,,,,,,,,,,,,,,,,,,,,,,,,,,,,,,,,,,,,,,,,,,,,,,,,,,,,,,,,19,315,,,,,3,71,,,,,19,315,,18,308,,1,7,,5,46,,14,269,,3,71,,3,68,,,3,,2,5,,1,66,,,,,,,,,,,,,,,0,0,0,0,0,0,0,0,0,0,0,0,0,0,0,0,0,0,0,0,0,0,0,0,0,0,0,0,0,0,0,0,0,0,0,0,0,0,0,0,0,0,0,0,0,0,0,0,0,0,0,0,0,0,0,0,0,0,0,0,0,0,0,0,0,0,0,0,0,0,0,0,0,0,0,0,0,0,0,0,0,0,0,0,0,0,0,0,0,0,0,0,0,0,0,0,0,0,0,0,0,0,0,0,0,0,0,0,0,0,0,0,0,0,0,0,0,0,0,0,0,0,0,0,0,0,0,0,0,0,0,0,0,0,0,0,0,0,0,0,0,0,0,0,0,0,0,0,0,0,0,0,0,0,0,0,0,0,0,0,0,0,0,0,0,0,0,0,0,0,0,0,0,0,0,0,0,0,0,0,0,0,0,0,0,0,0,0,0,0,0,0,0,0,0,0,0,0,0,0,0,0,0,0,0,0,0,0,0,0,0,0,0,0,0,0,0,0,0,0,0,0,0,0,0,0,0,0,0,0,0,0,0,0,0,0,0,0,0,0,0,0,0,0,0,0,0,0,0,0,0,0,0,0,0,0,0,0,0,0,0,0,0,0,0,0,0,0,0,0,0,0,0,0,0,0,0,0,0,0,0,0,0,0,0,0,0,0,0,0,0,0,0,0,0,0,0,0,0,0,0,0,0,0,0,0,0,0,0,0,0,0,0,0,0,0,0,0,0,0,0,0,0,0,0,0,0
2016-03-28,,,,,,,,,,,,,,,,,,,,,,,,,,,,,,,,,,,,,,,,,,,,,,,,,,,,,,,,,,,,,,,,,,,,,,,,,,,,,,,,,,,1,18,315,,,,1,4,72,,,,1,18,315,1,17,308,,1,7,,4,45,1,14,270,1,4,72,1,4,69,,,3,,2,5,1,2,67,,,,,,,,,,,,,,,0,0,0,0,0,0,0,0,0,0,0,0,0,0,0,0,0,0,0,0,0,0,0,0,0,0,0,0,0,0,0,0,0,0,0,0,0,0,0,0,0,0,0,0,0,0,0,0,0,0,0,0,0,0,0,0,0,0,0,0,0,0,0,0,0,0,0,0,0,0,0,0,0,0,0,0,0,0,0,0,0,0,0,0,0,0,0,0,0,0,0,0,0,0,0,0,0,0,0,0,0,0,0,0,0,0,0,0,0,0,0,0,0,0,0,0,0,0,0,0,0,0,0,0,0,0,0,0,0,0,0,0,0,0,0,0,0,0,0,0,0,0,0,0,0,0,0,0,0,0,0,0,0,0,0,0,0,0,0,0,0,0,0,0,0,0,0,0,0,0,0,0,0,0,0,0,0,0,0,0,0,0,0,0,0,0,0,0,0,0,0,0,0,0,0,0,0,0,0,0,0,0,0,0,0,0,0,0,0,0,0,0,0,0,0,0,0,0,0,0,0,0,0,0,0,0,0,0,0,0,0,0,0,0,0,0,0,0,0,0,0,0,0,0,0,0,0,0,0,0,0,0,0,0,0,0,0,0,0,0,0,0,0,0,0,0,0,0,0,0,0,0,0,0,0,0,0,0,0,0,0,0,0,0,0,0,0,0,0,0,0,0,0,0,0,0,0,0,0,0,0,0,0,0,0,0,0,0,0,0,0,0,0,0,0,0,0,0,0,0,0,0,0,0,0,0,0
2016-03-29,,,,,,,,,,,,,,,,,,,,,,,,,,,,,,,,,,,,,,,,,,,,,,,,,,,,,,,,,,,,,,,,,,,,,,,,,,,,,,,,,,,5,12,320,,,,3,4,75,,,,5,12,320,5,12,313,,,7,1,2,49,4,10,271,3,4,75,3,4,72,,,3,,,6,3,4,69,,,,,,,,,,,,,,,0,0,0,0,0,0,0,0,0,0,0,0,0,0,0,0,0,0,0,0,0,0,0,0,0,0,0,0,0,0,0,0,0,0,0,0,0,0,0,0,0,0,0,0,0,0,0,0,0,0,0,0,0,0,0,0,0,0,0,0,0,0,0,0,0,0,0,0,0,0,0,0,0,0,0,0,0,0,0,0,0,0,0,0,0,0,0,0,0,0,0,0,0,0,0,0,0,0,0,0,0,0,0,0,0,0,0,0,0,0,0,0,0,0,0,0,0,0,0,0,0,0,0,0,0,0,0,0,0,0,0,0,0,0,0,0,0,0,0,0,0,0,0,0,0,0,0,0,0,0,0,0,0,0,0,0,0,0,0,0,0,0,0,0,0,0,0,0,0,0,0,0,0,0,0,0,0,0,0,0,0,0,0,0,0,0,0,0,0,0,0,0,0,0,0,0,0,0,0,0,0,0,0,0,0,0,0,0,0,0,0,0,0,0,0,0,0,0,0,0,0,0,0,0,0,0,0,0,0,0,0,0,0,0,0,0,0,0,0,0,0,0,0,0,0,0,0,0,0,0,0,0,0,0,0,0,0,0,0,0,0,0,0,0,0,0,0,0,0,0,0,0,0,0,0,0,0,0,0,0,0,0,0,0,0,0,0,0,0,0,0,0,0,0,0,0,0,0,0,0,0,0,0,0,0,0,0,0,0,0,0,0,0,0,0,0,0,0,0,0,0,0,0,0,0,0,0
2016-03-30,,,,,,,,,,,,,,,,,,,,,,,,,,,,,,,,,,,,,,,,,,,,,,,,,,,,,,,,,,,,,,,,,,,,,,,,,,,,,,,,,,,6,16,325,,,,1,5,76,,,,6,16,325,4,14,316,2,2,9,1,4,52,5,12,273,1,5,76,,4,72,1,1,4,,,6,1,5,70,,,,,,,,,,,,,,,0,0,0,0,0,0,0,0,0,0,0,0,0,0,0,0,0,0,0,0,0,0,0,0,0,0,0,0,0,0,0,0,0,0,0,0,0,0,0,0,0,0,0,0,0,0,0,0,0,0,0,0,0,0,0,0,0,0,0,0,0,0,0,0,0,0,0,0,0,0,0,0,0,0,0,0,0,0,0,0,0,0,0,0,0,0,0,0,0,0,0,0,0,0,0,0,0,0,0,0,0,0,0,0,0,0,0,0,0,0,0,0,0,0,0,0,0,0,0,0,0,0,0,0,0,0,0,0,0,0,0,0,0,0,0,0,0,0,0,0,0,0,0,0,0,0,0,0,0,0,0,0,0,0,0,0,0,0,0,0,0,0,0,0,0,0,0,0,0,0,0,0,0,0,0,0,0,0,0,0,0,0,0,0,0,0,0,0,0,0,0,0,0,0,0,0,0,0,0,0,0,0,0,0,0,0,0,0,0,0,0,0,0,0,0,0,0,0,0,0,0,0,0,0,0,0,0,0,0,0,0,0,0,0,0,0,0,0,0,0,0,0,0,0,0,0,0,0,0,0,0,0,0,0,0,0,0,0,0,0,0,0,0,0,0,0,0,0,0,0,0,0,0,0,0,0,0,0,0,0,0,0,0,0,0,0,0,0,0,0,0,0,0,0,0,0,0,0,0,0,0,0,0,0,0,0,0,0,0,0,0,0,0,0,0,0,0,0,0,0,0,0,0,0,0,0,0
2016-03-31,,,,,,,,,,,,,,,,,,,,,,,,,,,,,,,,,,,,,,,,,,,,,,,,,,,,,,,,,,,,,,,,,,,,,,,,,,,,,,,,,,,3,19,327,,,,1,6,77,,,,3,19,327,3,17,318,,2,9,,4,54,3,15,273,1,6,77,1,5,73,,1,4,,,6,1,6,71,,,,,,,,,,,,,,,0,0,0,0,0,0,0,0,0,0,0,0,0,0,0,0,0,0,0,0,0,0,0,0,0,0,0,0,0,0,0,0,0,0,0,0,0,0,0,0,0,0,0,0,0,0,0,0,0,0,0,0,0,0,0,0,0,0,0,0,0,0,0,0,0,0,0,0,0,0,0,0,0,0,0,0,0,0,0,0,0,0,0,0,0,0,0,0,0,0,0,0,0,0,0,0,0,0,0,0,0,0,0,0,0,0,0,0,0,0,0,0,0,0,0,0,0,0,0,0,0,0,0,0,0,0,0,0,0,0,0,0,0,0,0,0,0,0,0,0,0,0,0,0,0,0,0,0,0,0,0,0,0,0,0,0,0,0,0,0,0,0,0,0,0,0,0,0,0,0,0,0,0,0,0,0,0,0,0,0,0,0,0,0,0,0,0,0,0,0,0,0,0,0,0,0,0,0,0,0,0,0,0,0,0,0,0,0,0,0,0,0,0,0,0,0,0,0,0,0,0,0,0,0,0,0,0,0,0,0,0,0,0,0,0,0,0,0,0,0,0,0,0,0,0,0,0,0,0,0,0,0,0,0,0,0,0,0,0,0,0,0,0,0,0,0,0,0,0,0,0,0,0,0,0,0,0,0,0,0,0,0,0,0,0,0,0,0,0,0,0,0,0,0,0,0,0,0,0,0,0,0,0,0,0,0,0,0,0,0,0,0,0,0,0,0,0,0,0,0,0,0,0,0,0,0,0
